========================================================================
MAPA REDUZIDO DA PLANTA — JPIII
========================================================================

LEGENDA DO GRID:
  [XX] — célula com conteúdo (2 chars)
  [  ] — célula vazia (corredor/espaço livre)
  [CT] — catraca existente (valor na célula)
  [>>] — entrada de catraca (célula vazia com borda de catraca)
  [SA] — sala nomeada
  [CW] — coworking
  [##] — parede/divisória fixa

PAREDES DE AMBIENTE:
  Listadas separadamente como bordas de células específicas.
  Formato: Coluna X, linhas A-B: borda left/right
           Linha Y, colunas C-D: borda top/bottom
  Para criar novo ambiente: aplicar bordas thick vermelhas
  nos lados indicados das células de fronteira.

────────────────────────────────────────────────────────────────────────
CLIENTE '3': 976 células
Região: linhas 2-110 (109L) × colunas CB-DA (26C)

GRID:
       CB                  CG                  CL                  CQ                  CV                  DA 
      ────────────────────────────────────────────────────────────────────────────────────────────────────────
    2 [CT][>>][  ][  ][  ][  ][  ][  ][  ][  ][  ][  ][  ][  ][  ][  ][  ][  ][  ][  ][  ][  ][  ][  ][  ][  ]
    3 [  ][  ][  ][  ][  ][  ][  ][  ][  ][  ][  ][  ][  ][  ][  ][  ][  ][  ][  ][  ][  ][  ][  ][  ][  ][  ]
    4 [  ][  ][3][3][  ][3][3][  ][3][3][  ][3][3][  ][3][3][  ][3][3][  ][3][3][  ][  ][  ][  ]
    5 [  ][  ][3][3][  ][3][3][  ][3][3][  ][3][3][  ][3][3][  ][3][3][  ][3][3][  ][  ][  ][  ]
    6 [  ][  ][3][3][  ][3][3][  ][3][3][  ][3][3][  ][3][3][  ][3][3][  ][3][3][  ][  ][  ][  ]
    7 [  ][  ][3][3][  ][3][3][  ][3][3][  ][3][3][  ][3][3][  ][3][3][  ][3][3][  ][  ][  ][  ]
    8 [  ][  ][3][3][  ][3][3][  ][3][3][  ][3][3][  ][3][3][  ][3][3][  ][3][3][  ][  ][  ][  ]
    9 [  ][  ][3][3][  ][3][3][  ][3][3][  ][3][3][  ][3][3][  ][3][3][  ][3][3][  ][  ][  ][  ]
   10 [  ][  ][3][3][  ][3][3][  ][3][3][  ][3][3][  ][3][3][  ][3][3][  ][3][3][  ][  ][  ][  ]
   11 [  ][  ][3][3][  ][3][3][  ][3][3][  ][3][3][  ][3][3][  ][3][3][  ][3][3][  ][  ][  ][  ]
   12 [  ][  ][3][3][  ][3][3][  ][3][3][  ][3][3][  ][3][3][  ][3][3][  ][3][3][  ][  ][  ][  ]
   13 [  ][  ][3][3][  ][3][3][  ][3][3][  ][3][3][  ][3][3][  ][3][3][  ][3][3][  ][  ][  ][  ]
   14 [  ][  ][3][3][  ][3][3][  ][3][3][  ][3][3][  ][3][3][  ][3][3][  ][3][3][  ][  ][  ][  ]
   15 [  ][  ][3][3][  ][3][3][  ][3][3][  ][3][3][  ][3][3][  ][3][3][  ][3][3][  ][  ][  ][  ]
   16 [  ][  ][  ][  ][  ][  ][  ][  ][  ][  ][  ][  ][  ][  ][  ][  ][  ][  ][  ][  ][  ][  ][  ][  ][  ][  ]
   17 [  ][  ][3][3][  ][3][3][  ][3][3][  ][3][3][  ][3][3][  ][3][3][  ][3][3][  ][  ][  ][  ]
   18 [  ][  ][3][3][  ][3][3][  ][3][3][  ][3][3][  ][3][3][  ][3][3][  ][3][3][  ][  ][  ][  ]
   19 [  ][  ][3][3][  ][3][3][  ][3][3][  ][3][3][  ][3][3][  ][3][3][  ][3][3][  ][  ][  ][  ]
   20 [  ][  ][3][3][  ][3][3][  ][3][3][  ][3][3][  ][3][3][  ][3][3][  ][3][3][  ][  ][  ][  ]
   21 [  ][  ][3][3][  ][3][3][  ][3][3][  ][3][3][  ][3][3][  ][3][3][  ][3][3][  ][  ][  ][  ]
   22 [  ][  ][3][3][  ][3][3][  ][3][3][  ][3][3][  ][3][3][  ][3][3][  ][3][3][  ][  ][  ][  ]
   23 [  ][  ][3][3][  ][3][3][  ][3][3][  ][3][3][  ][3][3][  ][3][3][  ][3][3][  ][  ][  ][  ]
   24 [  ][  ][3][3][  ][3][3][  ][3][3][  ][3][3][  ][3][3][  ][3][3][  ][SA][  ][  ][  ][  ][  ]
   25 [  ][  ][3][3][  ][3][3][  ][3][3][  ][3][3][  ][3][3][  ][3][3][  ][  ][  ][  ][  ][  ][  ]
   26 [  ][  ][3][3][  ][3][3][  ][3][3][  ][3][3][  ][3][3][  ][3][3][  ][  ][  ][  ][  ][  ][  ]
   27 [  ][  ][3][3][  ][3][3][  ][3][3][  ][3][3][  ][3][3][  ][3][3][  ][  ][  ][  ][  ][  ][  ]
   28 [  ][  ][3][3][  ][3][3][  ][3][3][  ][3][3][  ][3][3][  ][3][3][  ][  ][  ][  ][  ][  ][  ]
   29 [  ][  ][  ][  ][  ][  ][  ][  ][  ][  ][  ][  ][  ][  ][  ][  ][  ][  ][  ][  ][  ][  ][  ][  ][  ][  ]
   30 [  ][  ][3][3][  ][3][3][  ][3][3][  ][3][3][  ][3][3][  ][3][3][  ][3][3][  ][  ][  ][  ]
   31 [  ][  ][3][3][  ][3][3][  ][3][3][  ][3][3][  ][3][3][  ][3][3][  ][3][3][  ][  ][  ][  ]
   32 [  ][  ][3][3][  ][3][3][  ][3][3][  ][3][3][  ][3][3][  ][3][3][  ][3][3][  ][  ][  ][  ]
   33 [  ][  ][3][3][  ][3][3][  ][3][3][  ][3][3][  ][3][3][  ][3][3][  ][3][3][  ][  ][  ][  ]
   34 [  ][  ][3][3][  ][3][3][  ][3][3][  ][3][3][  ][3][3][  ][3][3][  ][3][3][  ][  ][  ][  ]
   35 [  ][  ][3][3][  ][3][3][  ][3][3][  ][3][3][  ][3][3][  ][3][3][  ][3][3][  ][  ][  ][  ]
   36 [  ][  ][3][3][  ][3][3][  ][3][3][  ][3][3][  ][3][3][  ][3][3][  ][3][3][  ][  ][  ][  ]
   37 [  ][  ][3][3][  ][3][3][  ][3][3][  ][3][3][  ][3][3][  ][3][3][  ][3][3][  ][  ][  ][  ]
   38 [  ][  ][3][3][>>][3][3][>>][3][3][>>][3][3][>>][3][3][>>][3][3][>>][3][3][>>][  ][  ][  ]
   39 [  ][  ][3][3][  ][3][3][  ][3][3][  ][3][3][  ][3][3][  ][3][3][  ][3][3][  ][  ][  ][  ]
   40 [  ][  ][3][3][  ][3][3][  ][3][3][  ][3][3][  ][3][3][  ][3][3][  ][3][3][  ][  ][  ][  ]
   41 [  ][  ][3][3][  ][3][3][  ][3][3][  ][3][3][  ][3][3][  ][3][3][  ][3][3][  ][  ][  ][  ]
   42 [  ][  ][  ][  ][  ][  ][  ][  ][  ][  ][  ][  ][  ][  ][  ][  ][  ][  ][  ][  ][  ][  ][  ][  ][  ][  ]
   43 [  ][  ][  ][  ][  ][  ][  ][  ][  ][  ][  ][  ][  ][  ][  ][  ][  ][  ][  ][  ][  ][  ][  ][  ][  ][  ]
   44 [  ][  ][  ][  ][1][1][  ][  ][  ][  ][  ][  ][  ][  ][  ][  ][  ][  ][  ][  ][  ][  ][  ][  ][  ][  ]
   45 [  ][  ][  ][  ][1][1][  ][1][P][  ][  ][  ][  ][  ][  ][  ][  ][  ][  ][  ][  ][  ][  ][  ][  ][  ]
   46 [  ][  ][  ][  ][1][1][  ][1][1][  ][1][P][  ][  ][  ][  ][  ][  ][  ][  ][  ][  ][  ][  ][  ][  ]
   47 [  ][  ][  ][  ][1][1][  ][1][1][  ][1][1][  ][  ][  ][  ][  ][  ][  ][  ][  ][  ][  ][  ][  ][  ]
   48 [  ][  ][  ][  ][1][1][  ][1][1][  ][1][1][  ][1][1][  ][  ][  ][  ][  ][  ][  ][  ][  ][  ][  ]
   49 [  ][  ][  ][  ][1][1][  ][1][1][  ][1][1][  ][1][1][  ][1][1][  ][  ][  ][  ][  ][  ][  ][  ]
   50 [  ][  ][  ][  ][1][1][  ][1][1][  ][1][1][  ][1][1][  ][1][1][  ][1][1][  ][  ][  ][  ][  ]
   51 [  ][  ][  ][  ][1][1][  ][1][1][  ][1][1][  ][1][1][  ][1][1][  ][1][1][  ][1][1][  ][  ]
   52 [  ][  ][  ][  ][1][1][  ][1][1][  ][1][1][  ][1][1][  ][1][1][  ][1][1][  ][1][1][  ][  ]
   53 [  ][  ][  ][  ][1][1][  ][1][1][  ][1][1][  ][1][1][  ][1][1][  ][1][1][  ][1][1][  ][  ]
   54 [  ][  ][  ][  ][1][1][  ][1][1][  ][1][1][  ][1][1][  ][1][1][  ][1][1][  ][1][1][  ][  ]
   55 [  ][  ][  ][  ][1][1][  ][1][1][  ][1][1][  ][1][1][  ][1][1][  ][1][1][  ][1][1][  ][  ]
   56 [  ][  ][CT][  ][  ][  ][  ][  ][  ][  ][  ][  ][  ][  ][  ][  ][  ][  ][  ][  ][  ][  ][  ][  ][  ][  ]
   57 [  ][  ][>>][  ][  ][  ][  ][  ][  ][  ][  ][  ][  ][  ][  ][  ][  ][  ][  ][  ][  ][  ][  ][  ][  ][  ]
   58 [  ][  ][>>][  ][  ][  ][  ][  ][  ][  ][  ][  ][  ][  ][  ][  ][  ][  ][  ][  ][  ][  ][  ][  ][  ][  ]
   59 [  ][  ][  ][  ][1][1][  ][1][P][  ][1][1][  ][1][P][  ][P][1][  ][1][1][  ][1][1][  ][  ]
   60 [  ][  ][  ][  ][1][1][  ][1][1][  ][1][1][  ][1][1][  ][1][1][  ][1][1][  ][1][1][  ][  ]
   61 [  ][  ][  ][  ][1][1][  ][1][1][  ][1][1][  ][1][1][  ][1][1][  ][1][1][  ][1][1][  ][  ]
   62 [  ][  ][  ][  ][1][1][  ][1][1][  ][1][1][  ][1][1][  ][1][1][  ][1][1][  ][1][1][  ][  ]
   63 [  ][  ][  ][  ][1][1][  ][1][1][  ][1][1][  ][1][1][  ][1][1][  ][1][1][  ][1][1][  ][  ]
   64 [  ][  ][  ][  ][1][1][  ][1][P][  ][1][1][  ][1][1][  ][1][P][  ][  ][  ][  ][  ][  ][  ][  ]
   65 [  ][  ][  ][  ][1][1][  ][1][1][  ][1][1][  ][1][1][  ][1][1][  ][  ][  ][  ][  ][  ][  ][  ]
   66 [  ][  ][  ][  ][  ][  ][  ][  ][  ][  ][  ][  ][  ][  ][  ][  ][  ][  ][  ][  ][  ][  ][  ][  ][  ][  ]
   67 [  ][  ][  ][  ][  ][  ][  ][  ][  ][  ][  ][  ][  ][  ][  ][  ][  ][  ][  ][  ][  ][  ][  ][  ][  ][  ]
   68 [  ][  ][  ][  ][  ][  ][  ][  ][  ][  ][  ][  ][  ][  ][  ][  ][  ][  ][  ][  ][  ][  ][  ][  ][  ][  ]
   69 [  ][  ][CT][  ][  ][  ][  ][  ][  ][  ][  ][  ][  ][  ][  ][  ][  ][  ][  ][  ][  ][  ][  ][  ][  ][  ]
   70 [  ][  ][>>][  ][  ][  ][  ][  ][  ][  ][  ][  ][  ][  ][  ][  ][  ][  ][  ][  ][  ][  ][  ][  ][  ][  ]
   71 [  ][  ][>>][  ][3][3][  ][3][3][  ][3][3][  ][3][3][  ][3][3][  ][3][3][  ][ME][  ][  ][  ]
   72 [  ][  ][  ][  ][3][3][  ][3][3][  ][3][3][  ][3][3][  ][3][3][  ][3][3][  ][  ][  ][  ][  ]
   73 [  ][  ][  ][  ][3][3][  ][3][  ][  ][3][3][  ][3][3][  ][  ][3][  ][3][3][  ][  ][  ][  ][  ]
   74 [  ][  ][  ][  ][3][3][  ][3][3][  ][3][3][  ][3][3][  ][3][3][  ][3][3][  ][  ][  ][  ][  ]
   75 [  ][  ][  ][  ][3][3][  ][3][3][  ][3][3][  ][3][3][  ][3][3][  ][3][3][  ][  ][  ][  ][  ]
   76 [  ][  ][  ][  ][3][3][  ][3][3][  ][3][3][  ][3][3][  ][3][3][  ][3][3][  ][3][3][  ][  ]
   77 [  ][  ][  ][  ][3][3][  ][3][3][  ][3][3][  ][3][3][  ][3][3][  ][3][3][  ][3][3][  ][  ]
   78 [  ][  ][  ][  ][3][3][  ][3][3][  ][3][3][  ][3][3][  ][3][3][  ][3][3][  ][3][3][  ][  ]
   79 [  ][  ][  ][  ][3][3][  ][3][3][  ][3][3][  ][3][3][  ][3][3][  ][3][3][  ][3][3][  ][  ]
   80 [  ][  ][CT][  ][3][3][  ][3][  ][  ][3][3][  ][3][3][  ][  ][3][  ][3][3][  ][3][3][  ][  ]
   81 [  ][  ][>>][  ][3][3][  ][3][3][  ][3][3][  ][3][3][  ][3][3][  ][3][3][  ][3][3][  ][  ]
   82 [  ][  ][>>][  ][3][3][  ][3][3][  ][3][3][  ][3][3][  ][3][3][  ][3][3][  ][3][3][  ][  ]
   83 [  ][  ][  ][  ][  ][  ][  ][  ][  ][  ][  ][  ][  ][  ][  ][  ][  ][  ][  ][  ][  ][  ][  ][  ][  ][  ]
   84 [  ][  ][  ][  ][3][3][  ][3][3][  ][3][3][  ][3][3][  ][3][3][  ][3][3][  ][3][3][  ][  ]
   85 [  ][  ][  ][  ][3][3][  ][3][  ][  ][3][3][  ][3][3][  ][  ][3][  ][3][3][  ][3][3][  ][  ]
   86 [  ][  ][  ][  ][3][3][  ][3][3][  ][3][3][  ][3][3][  ][3][3][  ][3][3][  ][3][3][  ][  ]
   87 [  ][  ][  ][  ][3][3][  ][3][3][  ][3][3][  ][3][3][  ][3][3][  ][3][3][  ][3][3][  ][  ]
   88 [  ][  ][  ][  ][3][3][  ][3][3][  ][3][3][  ][3][3][  ][3][3][  ][3][3][  ][3][3][  ][  ]
   89 [  ][  ][  ][  ][3][3][  ][3][3][  ][3][3][  ][3][3][  ][3][3][  ][3][3][  ][3][3][  ][  ]
   90 [  ][  ][  ][  ][3][3][  ][3][3][  ][3][3][  ][3][3][  ][3][3][  ][3][3][  ][3][3][  ][  ]
   91 [  ][  ][  ][  ][3][3][  ][3][3][  ][3][3][  ][3][3][  ][3][3][  ][3][3][  ][3][3][  ][  ]
   92 [  ][  ][  ][  ][3][3][  ][3][3][  ][3][3][  ][3][3][  ][  ][3][  ][3][3][  ][3][3][  ][  ]
   93 [  ][  ][  ][  ][3][3][  ][3][  ][  ][3][3][  ][3][3][  ][3][3][  ][3][3][  ][3][3][  ][  ]
   94 [  ][  ][  ][  ][3][3][  ][3][3][  ][3][3][  ][3][3][  ][3][3][  ][3][3][  ][3][3][  ][  ]
   95 [  ][  ][  ][  ][3][3][  ][3][3][  ][3][3][  ][3][3][  ][3][3][  ][3][3][  ][3][3][  ][  ]
   96 [  ][  ][  ][  ][  ][  ][  ][  ][  ][  ][  ][  ][  ][  ][  ][  ][  ][  ][  ][  ][  ][  ][  ][  ][  ][  ]
   97 [  ][  ][  ][  ][3][3][  ][3][  ][  ][3][3][  ][3][3][  ][  ][3][  ][3][3][  ][3][3][  ][  ]
   98 [  ][  ][  ][  ][3][3][  ][3][3][  ][3][3][  ][3][3][  ][3][3][  ][3][3][  ][3][3][  ][  ]
   99 [  ][  ][  ][  ][3][3][  ][3][3][  ][3][3][  ][3][3][  ][3][3][  ][3][3][  ][3][3][  ][  ]
  100 [  ][  ][  ][  ][3][3][  ][3][3][  ][3][3][  ][3][3][  ][3][3][  ][3][3][  ][3][3][  ][  ]
  101 [  ][  ][  ][  ][3][3][  ][3][3][  ][3][3][  ][3][3][  ][3][3][  ][3][3][  ][3][3][  ][  ]
  102 [  ][  ][  ][  ][3][3][  ][3][3][  ][3][3][  ][3][3][  ][3][3][  ][3][3][  ][3][3][  ][  ]
  103 [  ][  ][  ][  ][3][3][  ][3][3][  ][3][3][  ][3][3][  ][3][3][  ][3][3][  ][3][3][  ][  ]
  104 [  ][  ][  ][  ][3][3][  ][3][  ][  ][3][3][  ][3][3][  ][  ][3][  ][3][3][  ][3][3][  ][  ]
  105 [  ][  ][  ][  ][3][3][  ][3][3][  ][3][3][  ][3][3][  ][3][3][  ][3][3][  ][3][3][  ][  ]
  106 [  ][  ][  ][  ][3][3][  ][3][3][  ][3][3][  ][3][3][  ][3][3][  ][3][3][  ][3][3][  ][  ]
  107 [  ][  ][  ][  ][3][3][  ][3][3][  ][3][3][  ][3][3][  ][3][3][  ][3][3][  ][3][3][  ][  ]
  108 [  ][  ][  ][  ][3][3][  ][3][3][  ][3][3][  ][3][3][  ][3][3][  ][3][3][  ][3][3][  ][  ]
  109 [  ][  ][  ][  ][  ][  ][  ][  ][  ][  ][  ][  ][  ][  ][  ][  ][  ][  ][  ][  ][  ][  ][  ][  ][  ][  ]
  110 [  ][  ][  ][  ][  ][  ][  ][  ][  ][  ][  ][  ][  ][  ][  ][  ][  ][  ][  ][  ][  ][  ][  ][  ][  ][  ]

PAREDES VERTICAIS (thick vermelha ou medium preta left/right):
  Coluna CC, linhas 44-55: borda right (parede vermelha)
  Coluna CC, linhas 59-65: borda right (parede vermelha)
  Coluna CC, linhas 72-79: borda right (parede vermelha)
  Coluna CC, linhas 83-110: borda right (parede vermelha)
  Coluna CD, linha 65: borda left (parede vermelha)
  Coluna CJ, linha 45: borda left (parede vermelha)
  Coluna CJ, linha 59: borda left (parede vermelha)
  Coluna CJ, linha 64: borda left (parede vermelha)
  Coluna CM, linha 46: borda left (parede vermelha)
  Coluna CP, linha 59: borda left (parede vermelha)
  Coluna CR, linha 59: borda left (parede vermelha)
  Coluna CS, linha 64: borda left (parede vermelha)
  Coluna CV, linha 24: borda right (parede vermelha)
  Coluna CX, linhas 2-42: borda right (parede vermelha)
  Coluna CZ, linhas 44-65: borda right (parede vermelha)
  Coluna CZ, linhas 69-110: borda right (parede vermelha)

PAREDES HORIZONTAIS (thick vermelha ou medium preta top/bottom):
  Linha 42, colunas CD-CX: borda bottom (parede vermelha)
  Linha 43, colunas CD-CZ: borda bottom (parede vermelha)
  Linha 65, colunas CD-CZ: borda bottom (parede vermelha)
  Linha 68, colunas CD-CZ: borda bottom (parede vermelha)
  Linha 110, colunas CD-CZ: borda bottom (parede vermelha)

CATRACAS — borda amarela (medium FFFFFF00) ou pontilhada (dotted):
  CB2: [CT] — borda de catraca (amarela/pontilhada)
  CC2: [  ] — borda de catraca (amarela/pontilhada)
  CD38: [3] — borda de catraca (amarela/pontilhada)
  CE38: [3] — borda de catraca (amarela/pontilhada)
  CF38: [  ] — borda de catraca (amarela/pontilhada)
  CG38: [3] — borda de catraca (amarela/pontilhada)
  CH38: [3] — borda de catraca (amarela/pontilhada)
  CI38: [  ] — borda de catraca (amarela/pontilhada)
  CJ38: [3] — borda de catraca (amarela/pontilhada)
  CK38: [3] — borda de catraca (amarela/pontilhada)
  CL38: [  ] — borda de catraca (amarela/pontilhada)
  CM38: [3] — borda de catraca (amarela/pontilhada)
  CN38: [3] — borda de catraca (amarela/pontilhada)
  CO38: [  ] — borda de catraca (amarela/pontilhada)
  CP38: [3] — borda de catraca (amarela/pontilhada)
  CQ38: [3] — borda de catraca (amarela/pontilhada)
  CR38: [  ] — borda de catraca (amarela/pontilhada)
  CS38: [3] — borda de catraca (amarela/pontilhada)
  CT38: [3] — borda de catraca (amarela/pontilhada)
  CU38: [  ] — borda de catraca (amarela/pontilhada)
  CV38: [3] — borda de catraca (amarela/pontilhada)
  CW38: [3] — borda de catraca (amarela/pontilhada)
  CX38: [  ] — borda de catraca (amarela/pontilhada)
  CD56: [CT] — borda de catraca (amarela/pontilhada)
  CD57: [  ] — borda de catraca (amarela/pontilhada)
  CD58: [  ] — borda de catraca (amarela/pontilhada)
  CD69: [CT] — borda de catraca (amarela/pontilhada)
  CD70: [  ] — borda de catraca (amarela/pontilhada)
  CD71: [  ] — borda de catraca (amarela/pontilhada)
  CD80: [CT] — borda de catraca (amarela/pontilhada)
  CD81: [  ] — borda de catraca (amarela/pontilhada)
  CD82: [  ] — borda de catraca (amarela/pontilhada)

────────────────────────────────────────────────────────────────────────
CLIENTE '1': 777 células
Região: linhas 1-67 (67L) × colunas B-DA (104C)

GRID:
       B                   G                   L                   Q                   V                   AA                  AF                  AK                  AP                  AU                  AZ                  BE                  BJ                  BO                  BT                  BY                  CD                  CI                  CN                  CS                  CX             
      ────────────────────────────────────────────────────────────────────────────────────────────────────────────────────────────────────────────────────────────────────────────────────────────────────────────────────────────────────────────────────────────────────────────────────────────────────────────────────────────────────────────────────────────────────────────────────────────────────────────────────────────────
    1 [  ][  ][  ][  ][  ][  ][  ][  ][  ][  ][  ][  ][  ][  ][  ][  ][  ][  ][  ][  ][  ][  ][  ][  ][  ][  ][  ][  ][  ][  ][  ][  ][  ][  ][  ][  ][  ][  ][  ][  ][  ][  ][  ][  ][  ][  ][  ][  ][  ][  ][  ][  ][  ][  ][  ][  ][  ][  ][  ][  ][  ][  ][  ][  ][  ][  ][  ][  ][  ][  ][  ][  ][  ][  ][  ][  ][  ][  ][>>][>>][  ][  ][  ][  ][  ][  ][  ][  ][  ][  ][  ][  ][  ][  ][  ][  ][  ][  ][  ][  ][  ][  ][  ][  ]
    2 [  ][  ][  ][  ][  ][  ][  ][  ][  ][  ][  ][  ][  ][  ][  ][  ][  ][  ][  ][  ][  ][  ][  ][  ][  ][  ][  ][  ][  ][  ][  ][  ][  ][  ][  ][  ][  ][  ][  ][  ][  ][  ][  ][  ][  ][  ][  ][  ][  ][  ][  ][  ][  ][  ][  ][  ][  ][  ][  ][  ][  ][  ][  ][  ][  ][  ][  ][  ][  ][  ][  ][  ][  ][  ][  ][  ][  ][  ][CT][>>][  ][  ][  ][  ][  ][  ][  ][  ][  ][  ][  ][  ][  ][  ][  ][  ][  ][  ][  ][  ][  ][  ][  ][  ]
    3 [  ][  ][1][1][  ][1][1][  ][1][1][  ][1][1][  ][1][1][  ][1][1][  ][1][  ][  ][  ][  ][  ][  ][  ][  ][  ][  ][  ][  ][  ][  ][  ][  ][  ][  ][  ][  ][  ][  ][  ][  ][  ][  ][  ][  ][  ][  ][  ][  ][  ][  ][  ][SA][  ][  ][  ][>>][>>][  ][  ][  ][  ][  ][  ][  ][  ][  ][  ][  ][  ][  ][  ][  ][  ][  ][  ][  ][  ][  ][  ][  ][  ][  ][  ][  ][  ][  ][  ][  ][  ][  ][  ][  ][  ][  ][  ][  ][  ][  ][  ]
    4 [  ][  ][1][1][  ][1][1][  ][1][1][  ][1][1][  ][1][1][  ][1][1][  ][1][  ][  ][  ][  ][  ][  ][  ][  ][  ][  ][  ][  ][  ][  ][1][1][1][1][1][1][1][1][1][1][1][1][  ][  ][1][1][1][1][1][1][1][  ][  ][  ][  ][>>][>>][2][2][2][2][2][2][2][2][2][2][2][2][2][  ][  ][  ][  ][  ][3][3][  ][3][3][  ][3][3][  ][3][3][  ][3][3][  ][3][3][  ][3][3][  ][  ][  ][  ]
    5 [  ][  ][1][1][  ][1][1][  ][1][1][  ][1][1][  ][1][1][  ][1][1][  ][1][1][  ][  ][  ][  ][  ][  ][  ][  ][  ][  ][  ][  ][  ][1][1][1][1][1][1][1][1][1][1][1][1][  ][  ][1][1][1][1][1][1][1][  ][  ][  ][  ][>>][>>][2][2][2][2][2][2][2][2][2][2][2][2][2][  ][  ][  ][  ][  ][3][3][  ][3][3][  ][3][3][  ][3][3][  ][3][3][  ][3][3][  ][3][3][  ][  ][  ][  ]
    6 [  ][  ][1][1][  ][1][1][  ][1][1][  ][1][1][  ][1][1][  ][1][1][  ][1][1][  ][  ][  ][ES][  ][  ][  ][  ][  ][  ][  ][  ][  ][  ][  ][  ][  ][  ][  ][  ][  ][  ][  ][  ][  ][  ][  ][  ][  ][  ][  ][  ][  ][  ][  ][  ][  ][  ][>>][>>][  ][  ][  ][  ][  ][  ][  ][  ][  ][  ][  ][  ][  ][  ][  ][  ][  ][  ][3][3][  ][3][3][  ][3][3][  ][3][3][  ][3][3][  ][3][3][  ][3][3][  ][  ][  ][  ]
    7 [  ][  ][1][1][  ][1][1][  ][1][1][  ][1][1][  ][1][1][  ][1][1][  ][1][1][  ][  ][  ][  ][  ][  ][  ][  ][  ][  ][  ][  ][  ][1][1][1][1][1][1][1][1][1][1][1][1][  ][  ][1][1][1][1][1][1][1][1][1][1][1][1][>>][2][2][2][2][2][2][2][2][2][2][2][2][  ][  ][  ][  ][  ][  ][3][3][  ][3][3][  ][3][3][  ][3][3][  ][3][3][  ][3][3][  ][3][3][  ][  ][  ][  ]
    8 [  ][  ][1][1][  ][1][1][  ][1][1][  ][1][1][  ][1][1][  ][1][1][  ][1][1][  ][  ][  ][  ][  ][  ][  ][  ][  ][  ][  ][  ][  ][1][1][1][1][1][1][1][1][1][1][1][1][  ][  ][1][1][1][1][1][1][1][1][1][1][1][1][>>][2][2][2][2][2][2][2][2][2][2][2][2][  ][  ][  ][  ][  ][  ][3][3][  ][3][3][  ][3][3][  ][3][3][  ][3][3][  ][3][3][  ][3][3][  ][  ][  ][  ]
    9 [  ][  ][1][1][  ][1][1][  ][1][1][  ][1][1][  ][1][1][  ][1][1][  ][1][1][  ][  ][  ][  ][  ][  ][  ][  ][  ][  ][  ][  ][  ][  ][  ][  ][  ][  ][  ][  ][  ][  ][  ][  ][  ][  ][  ][  ][  ][  ][  ][  ][  ][  ][  ][  ][  ][  ][>>][>>][  ][  ][  ][  ][  ][  ][  ][  ][  ][  ][  ][  ][  ][  ][  ][  ][  ][  ][3][3][  ][3][3][  ][3][3][  ][3][3][  ][3][3][  ][3][3][  ][3][3][  ][  ][  ][  ]
   10 [  ][  ][1][1][  ][1][1][  ][1][1][  ][1][1][  ][1][1][  ][1][1][  ][1][1][  ][  ][  ][  ][  ][>>][>>][  ][  ][  ][  ][  ][1][1][1][1][1][1][1][1][1][1][1][1][1][  ][  ][1][1][1][1][1][1][1][1][1][1][1][1][>>][2][2][2][2][2][2][2][2][2][2][2][2][2][  ][  ][  ][  ][  ][3][3][  ][3][3][  ][3][3][  ][3][3][  ][3][3][  ][3][3][  ][3][3][  ][  ][  ][  ]
   11 [  ][  ][  ][  ][  ][  ][  ][  ][  ][  ][  ][  ][  ][  ][  ][  ][  ][  ][  ][  ][  ][  ][  ][  ][  ][  ][  ][CT][>>][  ][  ][  ][  ][  ][1][1][1][1][1][1][1][1][1][1][1][1][1][  ][  ][1][1][1][1][1][1][1][1][1][1][1][1][>>][2][2][2][2][2][2][2][2][2][2][2][2][2][  ][  ][  ][  ][  ][3][3][  ][3][3][  ][3][3][  ][3][3][  ][3][3][  ][3][3][  ][3][3][  ][  ][  ][  ]
   12 [  ][  ][  ][  ][  ][  ][  ][  ][  ][  ][  ][  ][  ][  ][  ][  ][  ][  ][  ][  ][  ][  ][  ][  ][  ][  ][  ][  ][  ][  ][  ][  ][  ][  ][  ][  ][  ][  ][  ][  ][  ][  ][  ][  ][  ][  ][  ][  ][  ][  ][  ][  ][  ][  ][  ][  ][  ][  ][  ][  ][>>][>>][  ][  ][  ][  ][  ][  ][  ][  ][  ][  ][  ][  ][  ][  ][  ][  ][  ][  ][3][3][  ][3][3][  ][3][3][  ][3][3][  ][3][3][  ][3][3][  ][3][3][  ][  ][  ][  ]
   13 [  ][  ][1][1][  ][1][1][  ][1][1][  ][1][1][  ][1][1][  ][1][1][  ][1][1][  ][1][1][  ][1][  ][  ][  ][  ][  ][  ][  ][1][1][1][1][1][1][1][1][1][1][1][1][1][  ][  ][1][1][1][1][1][1][1][1][1][1][1][1][>>][2][2][2][2][2][2][2][2][2][2][2][2][2][  ][  ][  ][  ][  ][3][3][  ][3][3][  ][3][3][  ][3][3][  ][3][3][  ][3][3][  ][3][3][  ][  ][  ][  ]
   14 [  ][  ][1][1][  ][1][1][  ][1][1][  ][1][1][  ][1][1][  ][1][1][  ][1][1][  ][1][1][  ][1][  ][  ][  ][  ][  ][  ][  ][1][1][1][1][1][1][1][1][1][1][1][1][1][  ][  ][1][1][1][1][1][1][1][1][1][1][1][1][>>][2][2][2][2][2][2][2][2][2][2][2][2][2][  ][  ][  ][  ][  ][3][3][  ][3][3][  ][3][3][  ][3][3][  ][3][3][  ][3][3][  ][3][3][  ][  ][  ][  ]
   15 [  ][  ][1][1][  ][1][1][  ][1][1][  ][1][1][  ][1][1][  ][1][1][  ][1][1][  ][1][1][  ][1][  ][  ][  ][  ][  ][  ][  ][  ][  ][  ][  ][  ][  ][  ][  ][  ][  ][  ][  ][  ][  ][  ][  ][  ][  ][  ][  ][  ][  ][  ][  ][  ][  ][>>][>>][  ][  ][  ][  ][  ][  ][  ][  ][  ][  ][  ][  ][  ][  ][  ][  ][  ][  ][3][3][  ][3][3][  ][3][3][  ][3][3][  ][3][3][  ][3][3][  ][3][3][  ][  ][  ][  ]
   16 [  ][  ][1][1][  ][1][1][  ][1][1][  ][1][1][  ][1][1][  ][1][1][  ][1][1][  ][1][1][  ][1][  ][  ][  ][  ][  ][  ][  ][1][1][1][1][1][1][1][1][1][1][1][1][1][  ][  ][1][1][1][1][1][1][1][1][1][1][1][1][>>][2][2][2][2][2][2][2][2][2][2][2][2][2][  ][  ][  ][  ][  ][  ][  ][  ][  ][  ][  ][  ][  ][  ][  ][  ][  ][  ][  ][  ][  ][  ][  ][  ][  ][  ][  ][  ][  ]
   17 [  ][  ][1][1][  ][1][1][  ][1][1][  ][1][1][  ][1][1][  ][1][1][  ][1][1][  ][1][1][  ][1][  ][  ][  ][  ][  ][  ][  ][1][1][1][1][1][1][1][1][1][1][1][1][1][  ][  ][1][1][1][1][1][1][1][1][1][1][1][1][>>][2][2][2][2][2][2][2][2][2][2][2][2][2][  ][  ][  ][  ][  ][3][3][  ][3][3][  ][3][3][  ][3][3][  ][3][3][  ][3][3][  ][3][3][  ][  ][  ][  ]
   18 [  ][  ][1][1][  ][1][1][  ][1][1][  ][1][1][  ][1][1][  ][1][1][  ][1][1][  ][1][1][  ][1][  ][  ][  ][  ][  ][  ][  ][  ][  ][  ][  ][  ][  ][  ][  ][  ][  ][  ][  ][  ][  ][  ][  ][  ][  ][  ][  ][  ][  ][  ][  ][  ][  ][>>][>>][  ][  ][  ][  ][  ][  ][  ][  ][  ][  ][  ][  ][  ][  ][  ][  ][  ][  ][3][3][  ][3][3][  ][3][3][  ][3][3][  ][3][3][  ][3][3][  ][3][3][  ][  ][  ][  ]
   19 [  ][  ][1][1][  ][1][1][  ][1][  ][  ][1][1][  ][1][  ][  ][1][1][  ][1][1][  ][  ][1][  ][  ][  ][  ][  ][  ][  ][  ][  ][1][1][1][1][1][1][1][1][1][1][1][1][1][  ][  ][1][1][1][1][1][1][1][1][1][1][1][1][>>][2][2][2][2][2][2][2][2][2][2][2][2][2][  ][  ][  ][  ][  ][3][3][  ][3][3][  ][3][3][  ][3][3][  ][3][3][  ][3][3][  ][3][3][  ][  ][  ][  ]
   20 [  ][  ][1][1][  ][1][1][  ][1][1][  ][1][1][  ][1][1][  ][1][1][  ][1][1][  ][1][1][  ][1][  ][  ][  ][  ][  ][  ][  ][1][1][1][1][1][1][1][1][1][1][1][1][1][  ][  ][1][1][1][1][1][1][1][1][1][1][1][1][>>][2][2][2][2][2][2][2][2][2][2][2][2][2][  ][  ][  ][  ][  ][3][3][  ][3][3][  ][3][3][  ][3][3][  ][3][3][  ][3][3][  ][3][3][  ][  ][  ][  ]
   21 [  ][  ][  ][  ][  ][  ][  ][  ][  ][  ][  ][  ][  ][  ][  ][  ][  ][  ][  ][  ][  ][  ][  ][  ][  ][  ][  ][  ][  ][  ][  ][  ][  ][  ][  ][  ][  ][  ][  ][  ][  ][  ][  ][  ][  ][  ][  ][  ][  ][  ][  ][  ][  ][  ][  ][  ][  ][  ][  ][  ][>>][>>][  ][  ][  ][  ][  ][  ][  ][  ][  ][  ][  ][  ][  ][  ][  ][  ][  ][  ][3][3][  ][3][3][  ][3][3][  ][3][3][  ][3][3][  ][3][3][  ][3][3][  ][  ][  ][  ]
   22 [  ][  ][  ][  ][  ][  ][  ][  ][  ][  ][  ][  ][  ][  ][  ][  ][  ][  ][  ][  ][  ][  ][  ][  ][  ][  ][  ][  ][  ][  ][  ][  ][  ][  ][1][1][1][1][1][1][1][1][1][1][1][1][  ][  ][  ][1][1][1][1][1][1][1][1][1][1][1][1][>>][2][2][2][2][2][2][2][2][2][2][2][2][  ][  ][  ][  ][  ][  ][3][3][  ][3][3][  ][3][3][  ][3][3][  ][3][3][  ][3][3][  ][3][3][  ][  ][  ][  ]
   23 [  ][4][4][  ][4][4][  ][4][4][  ][4][4][  ][4][4][  ][4][4][  ][4][2][  ][2][7][  ][7][7][  ][ES][  ][  ][  ][  ][  ][1][1][1][1][1][1][1][1][1][1][1][1][  ][  ][  ][1][1][1][1][1][1][1][1][1][1][1][1][>>][2][2][2][2][2][2][2][2][2][2][2][2][  ][  ][  ][  ][  ][  ][3][3][  ][3][3][  ][3][3][  ][3][3][  ][3][3][  ][3][3][  ][3][3][  ][  ][  ][  ]
   24 [  ][4][4][  ][4][4][  ][4][4][  ][4][4][  ][4][4][  ][4][4][  ][4][2][  ][2][7][  ][7][7][  ][  ][  ][  ][  ][  ][>>][>>][>>][>>][>>][>>][>>][>>][>>][>>][>>][>>][>>][>>][CT][>>][>>][>>][>>][>>][>>][>>][>>][>>][>>][>>][>>][>>][>>][>>][>>][>>][>>][>>][>>][>>][>>][>>][>>][>>][>>][>>][>>][>>][  ][  ][  ][3][3][  ][3][3][  ][3][3][  ][3][3][  ][3][3][  ][3][3][  ][SA][  ][  ][  ][  ][  ]
   25 [  ][4][4][  ][4][4][  ][4][4][  ][4][4][  ][4][4][  ][4][4][  ][4][2][  ][2][7][  ][7][7][  ][  ][  ][  ][  ][  ][  ][  ][  ][  ][  ][  ][  ][  ][  ][  ][  ][  ][  ][  ][>>][  ][  ][  ][  ][  ][  ][  ][  ][  ][  ][  ][  ][  ][CT][>>][  ][  ][  ][  ][  ][  ][  ][  ][  ][  ][  ][  ][  ][  ][  ][  ][  ][3][3][  ][3][3][  ][3][3][  ][3][3][  ][3][3][  ][3][3][  ][  ][  ][  ][  ][  ][  ]
   26 [  ][4][4][  ][4][4][  ][4][4][  ][4][4][  ][4][4][  ][4][4][  ][4][2][  ][2][7][  ][7][7][  ][  ][  ][  ][  ][  ][  ][  ][  ][  ][  ][  ][  ][  ][  ][  ][  ][  ][  ][  ][  ][  ][  ][  ][  ][  ][  ][  ][  ][  ][  ][  ][  ][  ][>>][>>][  ][  ][  ][  ][  ][  ][  ][  ][  ][  ][  ][  ][  ][  ][  ][  ][  ][3][3][  ][3][3][  ][3][3][  ][3][3][  ][3][3][  ][3][3][  ][  ][  ][  ][  ][  ][  ]
   27 [  ][4][4][  ][4][4][  ][4][4][  ][4][4][  ][4][4][  ][4][4][  ][4][2][  ][2][7][  ][7][7][  ][  ][  ][  ][  ][  ][  ][  ][  ][  ][  ][  ][  ][  ][  ][  ][  ][  ][  ][  ][  ][  ][  ][  ][  ][  ][  ][  ][  ][  ][  ][  ][  ][  ][  ][  ][  ][  ][  ][  ][  ][  ][  ][  ][  ][  ][  ][  ][  ][  ][  ][  ][  ][3][3][  ][3][3][  ][3][3][  ][3][3][  ][3][3][  ][3][3][  ][  ][  ][  ][  ][  ][  ]
   28 [  ][4][4][  ][4][4][  ][4][4][  ][4][4][  ][4][4][  ][4][4][  ][4][2][  ][2][7][  ][7][7][  ][  ][  ][  ][  ][  ][  ][  ][  ][  ][  ][  ][  ][  ][  ][  ][  ][  ][  ][  ][  ][  ][  ][  ][  ][  ][  ][  ][  ][  ][  ][  ][  ][  ][  ][  ][  ][  ][  ][  ][  ][  ][  ][  ][  ][  ][  ][  ][  ][  ][  ][  ][  ][3][3][  ][3][3][  ][3][3][  ][3][3][  ][3][3][  ][3][3][  ][  ][  ][  ][  ][  ][  ]
   29 [  ][4][4][  ][4][4][  ][4][4][  ][4][4][  ][4][4][  ][4][4][  ][4][2][  ][2][7][  ][  ][  ][  ][  ][  ][  ][  ][  ][  ][  ][  ][  ][  ][  ][  ][  ][  ][  ][  ][  ][  ][  ][  ][  ][  ][  ][  ][  ][  ][  ][  ][  ][  ][  ][  ][  ][  ][  ][  ][  ][  ][  ][  ][  ][  ][  ][  ][  ][  ][  ][  ][  ][  ][  ][  ][  ][  ][  ][  ][  ][  ][  ][  ][  ][  ][  ][  ][  ][  ][  ][  ][  ][  ][  ][  ][  ][  ][  ][  ]
   30 [  ][4][4][  ][4][4][  ][4][4][  ][4][4][  ][4][4][  ][4][4][  ][4][0][  ][0][7][  ][  ][  ][  ][  ][  ][  ][  ][  ][  ][  ][  ][  ][  ][  ][  ][  ][  ][  ][  ][  ][  ][  ][  ][  ][  ][  ][  ][  ][  ][  ][  ][  ][  ][  ][  ][  ][  ][  ][  ][  ][  ][  ][  ][  ][  ][  ][  ][  ][  ][  ][  ][  ][  ][  ][  ][3][3][  ][3][3][  ][3][3][  ][3][3][  ][3][3][  ][3][3][  ][3][3][  ][  ][  ][  ]
   31 [  ][4][4][  ][4][4][  ][4][  ][  ][4][4][  ][4][4][  ][4][4][  ][>>][  ][  ][  ][I][  ][  ][CT][>>][  ][  ][  ][  ][  ][  ][  ][  ][  ][  ][  ][  ][  ][>>][  ][  ][  ][  ][  ][  ][  ][  ][  ][  ][  ][  ][  ][  ][  ][SA][  ][  ][  ][  ][  ][  ][  ][  ][  ][  ][  ][  ][  ][  ][  ][  ][  ][  ][  ][  ][  ][  ][3][3][  ][3][3][  ][3][3][  ][3][3][  ][3][3][  ][3][3][  ][3][3][  ][  ][  ][  ]
   32 [  ][  ][  ][  ][  ][  ][  ][  ][  ][  ][  ][  ][  ][  ][  ][  ][  ][  ][  ][>>][  ][  ][  ][  ][>>][  ][  ][  ][  ][  ][  ][  ][  ][  ][  ][  ][  ][8][8][8][8][8][4][4][4][4][4][4][4][  ][4][4][4][4][4][4][4][  ][  ][  ][  ][  ][  ][4][4][4][4][4][4][4][4][4][4][4][4][  ][  ][  ][  ][  ][3][3][  ][3][3][  ][3][3][  ][3][3][  ][3][3][  ][3][3][  ][3][3][  ][  ][  ][  ]
   33 [  ][  ][  ][  ][  ][  ][  ][  ][  ][  ][  ][  ][  ][  ][  ][  ][  ][  ][  ][CT][>>][  ][  ][  ][  ][  ][  ][  ][  ][  ][  ][  ][  ][  ][  ][  ][  ][8][8][8][8][8][4][4][4][4][4][4][4][  ][4][4][4][4][4][4][4][  ][  ][  ][  ][  ][  ][4][4][4][4][4][4][4][4][4][4][4][4][  ][  ][  ][  ][  ][3][3][  ][3][3][  ][3][3][  ][3][3][  ][3][3][  ][3][3][  ][3][3][  ][  ][  ][  ]
   34 [  ][  ][  ][  ][  ][  ][  ][  ][  ][  ][  ][  ][  ][  ][  ][  ][  ][  ][  ][>>][  ][  ][  ][  ][  ][  ][  ][  ][  ][  ][  ][  ][  ][  ][  ][  ][  ][  ][  ][  ][  ][>>][  ][  ][  ][  ][  ][  ][  ][  ][  ][  ][  ][  ][  ][  ][  ][  ][  ][  ][  ][  ][  ][  ][  ][  ][  ][  ][  ][  ][  ][  ][  ][  ][  ][  ][  ][  ][  ][  ][3][3][  ][3][3][  ][3][3][  ][3][3][  ][3][3][  ][3][3][  ][3][3][  ][  ][  ][  ]
   35 [  ][  ][  ][  ][  ][  ][  ][  ][  ][  ][  ][  ][  ][  ][  ][  ][  ][  ][  ][>>][  ][  ][  ][  ][  ][  ][  ][  ][  ][  ][  ][  ][  ][  ][  ][  ][  ][8][8][8][8][8][4][4][4][4][4][4][4][  ][4][4][4][4][4][4][4][4][4][4][4][4][  ][4][4][4][4][4][4][4][4][4][4][4][4][  ][  ][  ][  ][  ][3][3][  ][3][3][  ][3][3][  ][3][3][  ][3][3][  ][3][3][  ][3][3][  ][  ][  ][  ]
   36 [  ][  ][  ][  ][  ][  ][  ][  ][  ][  ][  ][  ][  ][  ][  ][  ][  ][  ][  ][>>][>>][>>][>>][>>][>>][>>][  ][  ][  ][  ][  ][  ][  ][  ][  ][  ][  ][8][8][8][8][8][4][4][4][4][4][4][4][  ][4][4][4][4][4][4][4][4][4][4][4][4][  ][4][4][4][4][4][4][4][4][4][4][4][4][  ][  ][  ][  ][  ][3][3][  ][3][3][  ][3][3][  ][3][3][  ][3][3][  ][3][3][  ][3][3][  ][  ][  ][  ]
   37 [  ][4][4][  ][4][4][  ][4][4][  ][4][4][  ][4][4][  ][4][4][  ][>>][  ][  ][CT][>>][  ][5][AD][  ][6][AD][  ][  ][  ][  ][  ][  ][  ][  ][  ][  ][  ][>>][  ][  ][  ][  ][  ][  ][  ][  ][  ][  ][  ][  ][  ][  ][  ][  ][  ][  ][  ][  ][  ][  ][  ][  ][  ][  ][  ][  ][  ][  ][  ][  ][  ][  ][  ][  ][  ][  ][3][3][  ][3][3][  ][3][3][  ][3][3][  ][3][3][  ][3][3][  ][3][3][  ][  ][  ][  ]
   38 [  ][4][4][  ][4][4][  ][4][4][  ][4][4][  ][4][4][  ][4][4][  ][4][5][  ][  ][  ][  ][5][Q][  ][6][I][  ][  ][  ][  ][  ][  ][  ][8][8][8][  ][8][4][4][4][4][4][  ][4][  ][4][4][  ][4][4][4][4][4][  ][  ][4][4][  ][4][  ][4][4][4][4][4][  ][4][4][4][4][  ][  ][  ][  ][  ][3][3][>>][3][3][>>][3][3][>>][3][3][>>][3][3][>>][3][3][>>][3][3][>>][  ][  ][  ]
   39 [  ][4][4][  ][4][4][  ][4][4][  ][4][4][  ][4][4][  ][4][4][  ][4][5][  ][5][5][  ][5][Q][  ][6][I][  ][  ][  ][  ][  ][  ][  ][8][8][8][8][8][4][4][4][4][4][4][4][  ][4][4][4][4][4][4][4][4][4][4][4][4][  ][4][4][4][4][4][4][4][4][4][4][4][4][  ][  ][  ][  ][  ][3][3][  ][3][3][  ][3][3][  ][3][3][  ][3][3][  ][3][3][  ][3][3][  ][  ][  ][  ]
   40 [  ][4][4][  ][4][4][  ][4][4][  ][4][4][  ][4][4][  ][4][4][  ][4][5][  ][5][5][  ][5][Q][  ][6][I][  ][  ][  ][  ][  ][  ][  ][  ][  ][  ][  ][>>][  ][  ][  ][  ][  ][  ][  ][  ][  ][  ][  ][  ][  ][  ][  ][  ][  ][  ][  ][  ][  ][  ][  ][  ][  ][  ][  ][  ][  ][  ][  ][  ][  ][  ][  ][  ][  ][  ][3][3][  ][3][3][  ][3][3][  ][3][3][  ][3][3][  ][3][3][  ][3][3][  ][  ][  ][  ]
   41 [  ][4][4][  ][4][4][  ][4][4][  ][4][4][  ][4][4][  ][4][4][  ][4][5][  ][5][5][  ][5][Q][  ][6][I][  ][  ][  ][  ][  ][  ][  ][8][8][8][8][8][4][4][4][4][4][4][4][  ][4][4][4][4][4][4][4][4][4][4][4][4][  ][4][4][4][4][4][4][4][4][4][4][4][4][  ][  ][  ][  ][  ][3][3][  ][3][3][  ][3][3][  ][3][3][  ][3][3][  ][3][3][  ][3][3][  ][  ][  ][  ]
   42 [  ][4][4][  ][4][4][  ][4][4][  ][4][4][  ][4][4][  ][4][4][  ][4][5][  ][5][5][  ][5][Q][  ][RE][I][  ][  ][  ][  ][  ][  ][  ][8][8][8][8][8][4][4][4][4][4][4][4][  ][4][4][4][4][4][4][4][4][4][4][4][4][  ][4][4][4][4][4][4][4][4][4][4][4][4][  ][  ][  ][  ][  ][  ][  ][  ][  ][  ][  ][  ][  ][  ][  ][  ][  ][  ][  ][  ][  ][  ][  ][  ][  ][  ][  ][  ][  ]
   43 [  ][4][4][  ][4][4][  ][4][  ][  ][4][4][  ][4][  ][  ][4][4][  ][4][5][  ][  ][5][  ][>>][Q][  ][Q][  ][  ][  ][  ][  ][  ][  ][  ][  ][  ][  ][  ][>>][  ][  ][  ][  ][  ][  ][  ][  ][  ][  ][  ][  ][  ][  ][  ][  ][  ][  ][  ][  ][  ][  ][  ][  ][  ][  ][  ][  ][  ][  ][  ][  ][  ][  ][  ][  ][  ][  ][  ][  ][  ][  ][  ][  ][  ][  ][  ][  ][  ][  ][  ][  ][  ][  ][  ][  ][  ][  ][  ][  ][  ][  ]
   44 [  ][4][4][  ][4][4][  ][4][4][  ][4][4][  ][4][4][  ][4][4][  ][4][5][  ][5][5][  ][5][I][  ][I][I][  ][  ][  ][  ][  ][  ][  ][8][8][8][8][8][4][4][4][4][4][4][4][  ][4][4][4][4][4][4][4][4][4][4][4][4][  ][4][4][4][4][4][4][4][4][4][4][4][4][  ][  ][  ][  ][  ][  ][  ][1][1][  ][  ][  ][  ][  ][  ][  ][  ][  ][  ][  ][  ][  ][  ][  ][  ][  ][  ][  ][  ]
   45 [  ][4][4][  ][4][4][  ][  ][  ][  ][  ][  ][  ][  ][  ][  ][  ][  ][  ][  ][  ][  ][  ][  ][  ][  ][  ][  ][  ][  ][  ][  ][  ][  ][  ][  ][  ][8][8][8][8][8][4][4][4][4][4][4][4][  ][4][4][4][4][4][4][4][4][4][4][4][4][  ][4][4][4][4][4][4][4][4][4][4][4][4][  ][  ][  ][  ][  ][  ][  ][1][1][  ][1][P][  ][  ][  ][  ][  ][  ][  ][  ][  ][  ][  ][  ][  ][  ][  ][  ][  ]
   46 [  ][4][4][  ][4][4][  ][  ][  ][  ][  ][  ][  ][  ][  ][  ][  ][  ][  ][  ][  ][  ][  ][  ][  ][  ][  ][  ][  ][  ][  ][  ][  ][  ][  ][  ][  ][  ][  ][  ][  ][>>][  ][  ][  ][  ][  ][  ][  ][  ][  ][  ][  ][  ][  ][  ][  ][  ][  ][  ][  ][  ][  ][  ][  ][  ][  ][  ][  ][  ][  ][  ][  ][  ][  ][  ][  ][  ][  ][  ][  ][  ][1][1][  ][1][1][  ][1][P][  ][  ][  ][  ][  ][  ][  ][  ][  ][  ][  ][  ][  ][  ]
   47 [  ][4][4][  ][4][4][  ][  ][  ][  ][  ][  ][  ][  ][  ][  ][  ][  ][  ][  ][  ][  ][  ][  ][  ][  ][  ][  ][  ][  ][  ][  ][  ][  ][  ][  ][  ][8][8][8][  ][8][4][4][4][4][4][  ][4][  ][4][4][  ][4][4][4][4][4][  ][  ][4][4][  ][4][  ][4][4][4][4][4][  ][4][4][4][4][  ][  ][  ][  ][  ][  ][  ][1][1][  ][1][1][  ][1][1][  ][  ][  ][  ][  ][  ][  ][  ][  ][  ][  ][  ][  ][  ]
   48 [  ][4][4][  ][4][4][  ][  ][  ][  ][  ][  ][  ][  ][  ][  ][  ][  ][  ][  ][  ][  ][  ][  ][  ][  ][  ][  ][  ][  ][  ][  ][  ][  ][  ][  ][  ][8][8][8][8][8][4][4][4][4][4][4][4][  ][4][4][4][4][4][4][4][4][4][4][4][4][  ][4][4][4][4][4][4][4][4][4][4][4][4][  ][  ][  ][  ][  ][  ][  ][1][1][  ][1][1][  ][1][1][  ][1][1][  ][  ][  ][  ][  ][  ][  ][  ][  ][  ][  ]
   49 [  ][4][4][  ][4][4][  ][  ][  ][  ][  ][  ][  ][  ][  ][  ][  ][  ][  ][  ][  ][  ][  ][  ][  ][  ][  ][  ][  ][  ][  ][  ][  ][  ][  ][  ][  ][  ][  ][  ][  ][>>][  ][  ][  ][  ][  ][  ][  ][  ][  ][  ][  ][  ][  ][  ][  ][  ][  ][  ][  ][  ][  ][  ][  ][  ][  ][  ][  ][  ][  ][  ][  ][  ][  ][  ][  ][  ][  ][  ][  ][  ][1][1][  ][1][1][  ][1][1][  ][1][1][  ][1][1][  ][  ][  ][  ][  ][  ][  ][  ]
   50 [  ][4][4][  ][4][4][  ][  ][  ][  ][  ][  ][  ][  ][  ][  ][  ][  ][  ][  ][  ][  ][  ][  ][  ][  ][  ][  ][  ][  ][  ][  ][  ][  ][  ][  ][  ][8][8][8][8][8][4][4][4][4][4][4][4][  ][4][4][4][4][4][4][4][4][4][4][4][4][  ][4][4][4][4][4][4][4][4][4][4][4][4][  ][  ][  ][  ][  ][  ][  ][1][1][  ][1][1][  ][1][1][  ][1][1][  ][1][1][  ][1][1][  ][  ][  ][  ][  ]
   51 [  ][4][4][  ][4][4][  ][  ][  ][  ][  ][  ][  ][  ][  ][  ][  ][  ][  ][  ][  ][  ][  ][  ][  ][  ][  ][  ][  ][  ][  ][  ][  ][  ][  ][  ][  ][8][8][8][8][8][4][4][4][4][4][4][4][  ][4][4][4][4][4][4][4][4][4][4][4][4][  ][4][4][4][4][4][4][4][4][4][4][4][4][  ][  ][  ][  ][  ][  ][  ][1][1][  ][1][1][  ][1][1][  ][1][1][  ][1][1][  ][1][1][  ][1][1][  ][  ]
   52 [  ][  ][  ][  ][  ][  ][  ][  ][  ][  ][  ][  ][  ][  ][  ][  ][  ][  ][  ][  ][  ][  ][  ][  ][  ][  ][  ][  ][  ][  ][  ][  ][  ][  ][  ][  ][  ][  ][  ][  ][  ][>>][  ][  ][  ][  ][  ][  ][  ][  ][  ][  ][  ][  ][  ][  ][  ][  ][  ][  ][  ][  ][  ][  ][  ][  ][  ][  ][  ][  ][  ][  ][  ][  ][  ][  ][  ][  ][  ][  ][  ][  ][1][1][  ][1][1][  ][1][1][  ][1][1][  ][1][1][  ][1][1][  ][1][1][  ][  ]
   53 [  ][  ][  ][  ][  ][  ][  ][>>][  ][  ][  ][  ][  ][  ][  ][  ][  ][  ][  ][  ][  ][  ][  ][  ][  ][  ][  ][  ][  ][  ][  ][  ][  ][  ][  ][CT][>>][  ][  ][  ][  ][>>][CT][>>][  ][  ][  ][  ][  ][  ][  ][  ][  ][  ][  ][  ][  ][CT][>>][  ][  ][  ][  ][  ][  ][  ][  ][  ][  ][  ][  ][  ][  ][  ][  ][  ][  ][  ][  ][  ][  ][  ][1][1][  ][1][1][  ][1][1][  ][1][1][  ][1][1][  ][1][1][  ][1][1][  ][  ]
   54 [4][  ][4][4][  ][4][4][>>][  ][  ][9][9][  ][9][9][  ][9][9][  ][9][9][  ][9][9][  ][9][9][  ][9][9][  ][  ][  ][  ][  ][  ][  ][  ][  ][  ][  ][  ][  ][  ][  ][  ][  ][  ][  ][  ][  ][  ][  ][  ][  ][  ][  ][  ][  ][  ][  ][  ][  ][  ][  ][  ][  ][  ][  ][  ][  ][  ][  ][  ][  ][  ][  ][  ][  ][  ][  ][  ][1][1][  ][1][1][  ][1][1][  ][1][1][  ][1][1][  ][1][1][  ][1][1][  ][  ]
   55 [4][  ][4][4][  ][4][4][>>][  ][  ][9][9][  ][9][9][  ][9][9][  ][9][9][  ][9][9][  ][9][9][  ][9][9][  ][  ][  ][  ][  ][  ][  ][  ][  ][  ][  ][  ][  ][  ][  ][  ][  ][  ][  ][  ][  ][  ][  ][  ][  ][  ][  ][  ][  ][  ][  ][  ][  ][  ][  ][  ][  ][  ][  ][  ][  ][  ][  ][  ][  ][  ][  ][  ][  ][  ][  ][  ][1][1][  ][1][1][  ][1][1][  ][1][1][  ][1][1][  ][1][1][  ][1][1][  ][  ]
   56 [4][  ][4][4][  ][4][4][>>][  ][  ][9][9][  ][9][9][  ][9][9][  ][9][9][  ][9][9][  ][9][9][  ][9][9][  ][  ][  ][  ][  ][  ][  ][  ][  ][  ][  ][  ][  ][  ][  ][  ][  ][  ][  ][  ][  ][  ][  ][  ][  ][  ][  ][  ][  ][  ][  ][  ][  ][  ][  ][  ][  ][  ][  ][  ][  ][  ][  ][  ][  ][  ][  ][  ][  ][  ][CT][  ][  ][  ][  ][  ][  ][  ][  ][  ][  ][  ][  ][  ][  ][  ][  ][  ][  ][  ][  ][  ][  ][  ]
   57 [4][  ][4][4][  ][4][4][>>][  ][  ][9][9][  ][9][9][  ][9][9][  ][9][9][  ][9][9][  ][9][9][  ][9][9][  ][  ][  ][  ][  ][  ][  ][  ][  ][  ][  ][  ][  ][  ][  ][  ][  ][  ][  ][  ][  ][  ][  ][  ][  ][  ][  ][  ][  ][  ][  ][  ][  ][  ][  ][  ][  ][  ][  ][  ][  ][  ][  ][  ][  ][  ][  ][  ][  ][  ][>>][  ][  ][  ][  ][  ][  ][  ][  ][  ][  ][  ][  ][  ][  ][  ][  ][  ][  ][  ][  ][  ][  ][  ]
   58 [4][  ][4][4][  ][4][4][>>][  ][  ][9][9][  ][9][9][  ][9][9][  ][9][9][  ][9][9][  ][9][9][  ][9][9][  ][  ][  ][  ][  ][  ][  ][  ][  ][  ][  ][  ][  ][  ][  ][  ][  ][  ][  ][  ][  ][  ][  ][  ][  ][  ][  ][  ][  ][  ][  ][  ][  ][  ][  ][  ][  ][  ][  ][  ][  ][  ][  ][  ][  ][  ][  ][  ][  ][  ][>>][  ][  ][  ][  ][  ][  ][  ][  ][  ][  ][  ][  ][  ][  ][  ][  ][  ][  ][  ][  ][  ][  ][  ]
   59 [4][  ][4][4][  ][4][4][>>][  ][  ][9][9][  ][9][9][  ][9][9][  ][9][9][  ][9][9][  ][9][9][  ][9][9][CT][  ][  ][  ][  ][  ][  ][  ][  ][  ][  ][  ][  ][  ][  ][  ][  ][  ][  ][  ][  ][  ][  ][  ][  ][  ][  ][  ][  ][  ][  ][  ][  ][  ][  ][  ][  ][  ][  ][  ][  ][  ][  ][  ][  ][  ][  ][  ][  ][  ][  ][  ][1][1][  ][1][P][  ][1][1][  ][1][P][  ][P][1][  ][1][1][  ][1][1][  ][  ]
   60 [4][  ][4][4][  ][4][4][>>][  ][  ][9][9][  ][9][9][  ][9][9][  ][9][9][  ][9][9][  ][9][9][  ][9][9][>>][>>][  ][  ][  ][  ][  ][  ][  ][  ][  ][  ][  ][  ][  ][  ][  ][  ][  ][  ][  ][  ][  ][  ][  ][  ][  ][  ][  ][  ][  ][  ][  ][  ][  ][  ][  ][  ][  ][  ][  ][  ][  ][  ][  ][  ][  ][  ][  ][  ][  ][  ][1][1][  ][1][1][  ][1][1][  ][1][1][  ][1][1][  ][1][1][  ][1][1][  ][  ]
   61 [4][  ][4][4][  ][4][4][>>][  ][  ][9][9][  ][9][9][  ][9][9][  ][9][9][  ][9][9][  ][9][9][  ][9][9][>>][  ][  ][  ][  ][  ][  ][  ][  ][  ][  ][  ][  ][  ][  ][  ][  ][  ][  ][  ][  ][  ][  ][  ][  ][  ][  ][  ][  ][  ][  ][  ][  ][  ][  ][  ][  ][  ][  ][  ][  ][  ][  ][  ][  ][  ][  ][  ][  ][  ][  ][  ][1][1][  ][1][1][  ][1][1][  ][1][1][  ][1][1][  ][1][1][  ][1][1][  ][  ]
   62 [4][  ][4][4][  ][4][4][>>][  ][  ][9][9][  ][9][9][  ][9][9][  ][9][9][  ][9][9][  ][9][9][  ][9][9][  ][  ][  ][  ][  ][  ][  ][  ][  ][  ][  ][  ][  ][  ][  ][  ][  ][  ][  ][  ][  ][  ][  ][  ][  ][  ][  ][  ][  ][  ][  ][  ][  ][  ][  ][  ][  ][  ][  ][  ][  ][  ][  ][  ][  ][  ][  ][  ][  ][  ][  ][  ][1][1][  ][1][1][  ][1][1][  ][1][1][  ][1][1][  ][1][1][  ][1][1][  ][  ]
   63 [4][  ][4][4][  ][4][4][>>][  ][  ][9][9][  ][9][9][  ][9][9][  ][9][9][  ][9][9][  ][9][9][  ][9][9][  ][  ][  ][  ][  ][  ][  ][  ][  ][  ][  ][  ][  ][  ][  ][  ][  ][  ][  ][  ][  ][  ][  ][  ][  ][  ][  ][  ][  ][  ][  ][  ][  ][  ][  ][  ][  ][  ][  ][  ][  ][  ][  ][  ][  ][  ][  ][  ][  ][  ][  ][  ][1][1][  ][1][1][  ][1][1][  ][1][1][  ][1][1][  ][1][1][  ][1][1][  ][  ]
   64 [4][  ][4][4][  ][4][4][>>][  ][  ][9][9][  ][9][9][  ][9][9][  ][9][9][  ][9][9][  ][9][9][  ][9][9][  ][  ][  ][  ][  ][  ][  ][  ][  ][  ][  ][  ][  ][  ][  ][  ][  ][  ][  ][  ][  ][  ][  ][  ][  ][  ][  ][  ][  ][  ][  ][  ][  ][  ][  ][  ][  ][  ][  ][  ][  ][  ][  ][  ][  ][  ][  ][  ][  ][  ][  ][  ][1][1][  ][1][P][  ][1][1][  ][1][1][  ][1][P][  ][  ][  ][  ][  ][  ][  ][  ]
   65 [4][  ][4][4][  ][4][4][>>][  ][  ][9][9][  ][9][9][  ][9][9][  ][9][9][  ][9][9][  ][9][9][  ][9][9][  ][  ][  ][  ][  ][  ][  ][  ][  ][  ][  ][  ][  ][  ][  ][  ][  ][  ][  ][  ][  ][  ][  ][  ][  ][  ][  ][  ][  ][  ][  ][  ][  ][  ][  ][  ][  ][  ][  ][  ][  ][  ][  ][  ][  ][  ][  ][  ][  ][  ][  ][  ][1][1][  ][1][1][  ][1][1][  ][1][1][  ][1][1][  ][  ][  ][  ][  ][  ][  ][  ]
   66 [  ][  ][  ][  ][  ][  ][  ][>>][  ][  ][  ][  ][  ][  ][  ][  ][  ][  ][  ][  ][  ][  ][  ][  ][  ][  ][  ][  ][  ][  ][  ][  ][  ][  ][  ][  ][  ][  ][  ][  ][  ][  ][  ][  ][  ][  ][  ][  ][  ][  ][  ][  ][  ][  ][  ][  ][  ][  ][  ][  ][  ][  ][  ][  ][  ][  ][  ][  ][  ][  ][  ][  ][  ][  ][  ][  ][  ][  ][  ][  ][  ][  ][  ][  ][  ][  ][  ][  ][  ][  ][  ][  ][  ][  ][  ][  ][  ][  ][  ][  ][  ][  ][  ][  ]
   67 [  ][  ][  ][  ][  ][  ][  ][>>][  ][  ][  ][  ][  ][  ][  ][  ][  ][  ][  ][  ][  ][  ][  ][  ][  ][  ][  ][  ][  ][  ][  ][  ][  ][  ][  ][  ][  ][  ][  ][  ][  ][  ][  ][  ][  ][  ][  ][  ][  ][  ][  ][  ][  ][  ][  ][  ][  ][  ][  ][  ][  ][  ][  ][  ][  ][  ][  ][  ][  ][  ][  ][  ][  ][  ][  ][  ][  ][  ][  ][  ][  ][  ][  ][  ][  ][  ][  ][  ][  ][  ][  ][  ][  ][  ][  ][  ][  ][  ][  ][  ][  ][  ][  ][  ]

PAREDES VERTICAIS (thick vermelha ou medium preta left/right):
  Coluna B, linha 67: borda left (parede vermelha)
  Coluna B, linhas 3-20: borda right (parede vermelha)
  Coluna C, linha 20: borda left (parede vermelha)
  Coluna H, linhas 45-52: borda right (parede vermelha)
  Coluna I, linha 52: borda left (parede vermelha)
  Coluna J, linha 31: borda left (parede vermelha)
  Coluna J, linha 43: borda left (parede vermelha)
  Coluna O, linha 43: borda right (parede vermelha)
  Coluna P, linha 43: borda left (parede vermelha)
  Coluna X, linhas 3-10: borda right (parede vermelha)
  Coluna X, linha 31: borda right (parede vermelha)
  Coluna Y, linha 31: borda left (parede vermelha)
  Coluna AB, linhas 13-20: borda right (parede vermelha)
  Coluna AB, linha 31: borda right (parede vermelha)
  Coluna AC, linhas 23-31: borda right (parede vermelha)
  Coluna AD, linhas 23-31: borda left (parede vermelha)
  Coluna AD, linha 23: borda right (parede vermelha)
  Coluna AF, linhas 23-58: borda right (parede vermelha)
  Coluna AF, linhas 62-67: borda right (parede vermelha)
  Coluna AH, linhas 3-24: borda right (parede vermelha)
  Coluna AI, linha 24: borda left (parede vermelha)
  Coluna AJ, linhas 31-53: borda right (parede vermelha)
  Coluna BZ, linhas 3-26: borda right (parede vermelha)
  Coluna BZ, linhas 31-53: borda right (parede vermelha)
  Coluna CA, linhas 2-27: borda right (parede vermelha)
  Coluna CC, linhas 44-55: borda right (parede vermelha)
  Coluna CC, linhas 59-65: borda right (parede vermelha)
  Coluna CD, linha 65: borda left (parede vermelha)
  Coluna CJ, linha 45: borda left (parede vermelha)
  Coluna CJ, linha 59: borda left (parede vermelha)
  Coluna CJ, linha 64: borda left (parede vermelha)
  Coluna CM, linha 46: borda left (parede vermelha)
  Coluna CP, linha 59: borda left (parede vermelha)
  Coluna CR, linha 59: borda left (parede vermelha)
  Coluna CS, linha 64: borda left (parede vermelha)
  Coluna CV, linha 24: borda right (parede vermelha)
  Coluna CX, linhas 2-42: borda right (parede vermelha)
  Coluna CZ, linhas 44-65: borda right (parede vermelha)

PAREDES HORIZONTAIS (thick vermelha ou medium preta top/bottom):
  Linha 1, colunas CD-CX: borda bottom (parede vermelha)
  Linha 2, colunas C-X: borda bottom (parede vermelha)
  Linha 2, colunas AI-BZ: borda bottom (parede vermelha)
  Linha 10, colunas Y-AB: borda bottom (parede vermelha)
  Linha 12, colunas AC-AD: borda bottom (parede vermelha)
  Linha 20, colunas C-AB: borda bottom (parede vermelha)
  Linha 22, colunas B-AC: borda bottom (parede vermelha)
  Linha 23, coluna AD: borda bottom (parede vermelha)
  Linha 23, coluna X: borda top (parede vermelha)
  Linha 23, colunas AD-AF: borda top (parede vermelha)
  Linha 30, colunas AK-BZ: borda bottom (parede vermelha)
  Linha 31, coluna J: borda bottom (parede vermelha)
  Linha 31, coluna V: borda bottom (parede vermelha)
  Linha 31, colunas X-Y: borda bottom (parede vermelha)
  Linha 31, coluna AA: borda bottom (parede vermelha)
  Linha 31, colunas AD-AF: borda bottom (parede vermelha)
  Linha 31, coluna AQ: borda top (parede vermelha)
  Linha 31, coluna BZ: borda top (parede vermelha)
  Linha 32, coluna AF: borda top (parede vermelha)
  Linha 42, colunas CD-CX: borda bottom (parede vermelha)
  Linha 43, colunas CD-CZ: borda bottom (parede vermelha)
  Linha 44, colunas I-AF: borda bottom (parede vermelha)
  Linha 52, colunas I-AF: borda bottom (parede vermelha)
  Linha 53, colunas AM-AQ: borda bottom (parede vermelha)
  Linha 53, colunas AT-BF: borda bottom (parede vermelha)
  Linha 53, colunas BI-BZ: borda bottom (parede vermelha)
  Linha 53, coluna I: borda top (parede vermelha)
  Linha 53, coluna AF: borda top (parede vermelha)
  Linha 65, colunas CD-CZ: borda bottom (parede vermelha)
  Linha 67, colunas B-J: borda bottom (parede vermelha)

CATRACAS — borda amarela (medium FFFFFF00) ou pontilhada (dotted):
  CB1: [  ] — borda de catraca (amarela/pontilhada)
  CC1: [  ] — borda de catraca (amarela/pontilhada)
  CB2: [CT] — borda de catraca (amarela/pontilhada)
  CC2: [  ] — borda de catraca (amarela/pontilhada)
  BF3: [SA] — borda de catraca (amarela/pontilhada)
  BJ3: [  ] — borda de catraca (amarela/pontilhada)
  BK3: [  ] — borda de catraca (amarela/pontilhada)
  BJ4: [  ] — borda de catraca (amarela/pontilhada)
  BK4: [  ] — borda de catraca (amarela/pontilhada)
  BJ5: [  ] — borda de catraca (amarela/pontilhada)
  BK5: [  ] — borda de catraca (amarela/pontilhada)
  BJ6: [  ] — borda de catraca (amarela/pontilhada)
  BK6: [  ] — borda de catraca (amarela/pontilhada)
  BJ7: [1] — borda de catraca (amarela/pontilhada)
  BK7: [  ] — borda de catraca (amarela/pontilhada)
  BJ8: [1] — borda de catraca (amarela/pontilhada)
  BK8: [  ] — borda de catraca (amarela/pontilhada)
  BJ9: [  ] — borda de catraca (amarela/pontilhada)
  BK9: [  ] — borda de catraca (amarela/pontilhada)
  AC10: [  ] — borda de catraca (amarela/pontilhada)
  AD10: [  ] — borda de catraca (amarela/pontilhada)
  BJ10: [1] — borda de catraca (amarela/pontilhada)
  BK10: [  ] — borda de catraca (amarela/pontilhada)
  AC11: [CT] — borda de catraca (amarela/pontilhada)
  AD11: [  ] — borda de catraca (amarela/pontilhada)
  BJ11: [1] — borda de catraca (amarela/pontilhada)
  BK11: [  ] — borda de catraca (amarela/pontilhada)
  BJ12: [  ] — borda de catraca (amarela/pontilhada)
  BK12: [  ] — borda de catraca (amarela/pontilhada)
  BJ13: [1] — borda de catraca (amarela/pontilhada)
  BK13: [  ] — borda de catraca (amarela/pontilhada)
  BJ14: [1] — borda de catraca (amarela/pontilhada)
  BK14: [  ] — borda de catraca (amarela/pontilhada)
  BJ15: [  ] — borda de catraca (amarela/pontilhada)
  BK15: [  ] — borda de catraca (amarela/pontilhada)
  BJ16: [1] — borda de catraca (amarela/pontilhada)
  BK16: [  ] — borda de catraca (amarela/pontilhada)
  BJ17: [1] — borda de catraca (amarela/pontilhada)
  BK17: [  ] — borda de catraca (amarela/pontilhada)
  BJ18: [  ] — borda de catraca (amarela/pontilhada)
  BK18: [  ] — borda de catraca (amarela/pontilhada)
  BJ19: [1] — borda de catraca (amarela/pontilhada)
  BK19: [  ] — borda de catraca (amarela/pontilhada)
  BJ20: [1] — borda de catraca (amarela/pontilhada)
  BK20: [  ] — borda de catraca (amarela/pontilhada)
  BJ21: [  ] — borda de catraca (amarela/pontilhada)
  BK21: [  ] — borda de catraca (amarela/pontilhada)
  BJ22: [1] — borda de catraca (amarela/pontilhada)
  BK22: [  ] — borda de catraca (amarela/pontilhada)
  U23: [4] — borda de catraca (amarela/pontilhada)
  X23: [2] — borda de catraca (amarela/pontilhada)
  BJ23: [1] — borda de catraca (amarela/pontilhada)
  BK23: [  ] — borda de catraca (amarela/pontilhada)
  U24: [4] — borda de catraca (amarela/pontilhada)
  X24: [2] — borda de catraca (amarela/pontilhada)
  AI24: [  ] — borda de catraca (amarela/pontilhada)
  AJ24: [  ] — borda de catraca (amarela/pontilhada)
  AK24: [  ] — borda de catraca (amarela/pontilhada)
  AL24: [  ] — borda de catraca (amarela/pontilhada)
  AM24: [  ] — borda de catraca (amarela/pontilhada)
  AN24: [  ] — borda de catraca (amarela/pontilhada)
  AO24: [  ] — borda de catraca (amarela/pontilhada)
  AP24: [  ] — borda de catraca (amarela/pontilhada)
  AQ24: [  ] — borda de catraca (amarela/pontilhada)
  AR24: [  ] — borda de catraca (amarela/pontilhada)
  AS24: [  ] — borda de catraca (amarela/pontilhada)
  AT24: [  ] — borda de catraca (amarela/pontilhada)
  AU24: [  ] — borda de catraca (amarela/pontilhada)
  AV24: [  ] — borda de catraca (amarela/pontilhada)
  AW24: [CT] — borda de catraca (amarela/pontilhada)
  AX24: [  ] — borda de catraca (amarela/pontilhada)
  AY24: [  ] — borda de catraca (amarela/pontilhada)
  AZ24: [  ] — borda de catraca (amarela/pontilhada)
  BA24: [  ] — borda de catraca (amarela/pontilhada)
  BB24: [  ] — borda de catraca (amarela/pontilhada)
  BC24: [  ] — borda de catraca (amarela/pontilhada)
  BD24: [  ] — borda de catraca (amarela/pontilhada)
  BE24: [  ] — borda de catraca (amarela/pontilhada)
  BF24: [  ] — borda de catraca (amarela/pontilhada)
  BG24: [  ] — borda de catraca (amarela/pontilhada)
  BH24: [  ] — borda de catraca (amarela/pontilhada)
  BI24: [  ] — borda de catraca (amarela/pontilhada)
  BJ24: [  ] — borda de catraca (amarela/pontilhada)
  BK24: [  ] — borda de catraca (amarela/pontilhada)
  BL24: [  ] — borda de catraca (amarela/pontilhada)
  BM24: [  ] — borda de catraca (amarela/pontilhada)
  BN24: [  ] — borda de catraca (amarela/pontilhada)
  BO24: [  ] — borda de catraca (amarela/pontilhada)
  BP24: [  ] — borda de catraca (amarela/pontilhada)
  BQ24: [  ] — borda de catraca (amarela/pontilhada)
  BR24: [  ] — borda de catraca (amarela/pontilhada)
  BS24: [  ] — borda de catraca (amarela/pontilhada)
  BT24: [  ] — borda de catraca (amarela/pontilhada)
  BU24: [  ] — borda de catraca (amarela/pontilhada)
  BV24: [  ] — borda de catraca (amarela/pontilhada)
  BW24: [  ] — borda de catraca (amarela/pontilhada)
  BX24: [  ] — borda de catraca (amarela/pontilhada)
  BY24: [  ] — borda de catraca (amarela/pontilhada)
  BZ24: [  ] — borda de catraca (amarela/pontilhada)
  U25: [4] — borda de catraca (amarela/pontilhada)
  X25: [2] — borda de catraca (amarela/pontilhada)
  AW25: [  ] — borda de catraca (amarela/pontilhada)
  BK25: [CT] — borda de catraca (amarela/pontilhada)
  BL25: [  ] — borda de catraca (amarela/pontilhada)
  U26: [4] — borda de catraca (amarela/pontilhada)
  X26: [2] — borda de catraca (amarela/pontilhada)
  BK26: [  ] — borda de catraca (amarela/pontilhada)
  BL26: [  ] — borda de catraca (amarela/pontilhada)
  U27: [4] — borda de catraca (amarela/pontilhada)
  X27: [2] — borda de catraca (amarela/pontilhada)
  U28: [4] — borda de catraca (amarela/pontilhada)
  X28: [2] — borda de catraca (amarela/pontilhada)
  U29: [4] — borda de catraca (amarela/pontilhada)
  X29: [2] — borda de catraca (amarela/pontilhada)
  U30: [4] — borda de catraca (amarela/pontilhada)
  X30: [0] — borda de catraca (amarela/pontilhada)
  U31: [  ] — borda de catraca (amarela/pontilhada)
  AB31: [CT] — borda de catraca (amarela/pontilhada)
  AC31: [  ] — borda de catraca (amarela/pontilhada)
  AQ31: [  ] — borda de catraca (amarela/pontilhada)
  U32: [  ] — borda de catraca (amarela/pontilhada)
  Z32: [  ] — borda de catraca (amarela/pontilhada)
  AQ32: [8] — borda de catraca (amarela/pontilhada)
  U33: [CT] — borda de catraca (amarela/pontilhada)
  V33: [  ] — borda de catraca (amarela/pontilhada)
  AQ33: [8] — borda de catraca (amarela/pontilhada)
  U34: [  ] — borda de catraca (amarela/pontilhada)
  AQ34: [  ] — borda de catraca (amarela/pontilhada)
  U35: [  ] — borda de catraca (amarela/pontilhada)
  AQ35: [8] — borda de catraca (amarela/pontilhada)
  U36: [  ] — borda de catraca (amarela/pontilhada)
  V36: [  ] — borda de catraca (amarela/pontilhada)
  W36: [  ] — borda de catraca (amarela/pontilhada)
  X36: [  ] — borda de catraca (amarela/pontilhada)
  Y36: [  ] — borda de catraca (amarela/pontilhada)
  Z36: [  ] — borda de catraca (amarela/pontilhada)
  AA36: [  ] — borda de catraca (amarela/pontilhada)
  AQ36: [8] — borda de catraca (amarela/pontilhada)
  U37: [  ] — borda de catraca (amarela/pontilhada)
  X37: [CT] — borda de catraca (amarela/pontilhada)
  Y37: [  ] — borda de catraca (amarela/pontilhada)
  AA37: [5] — borda de catraca (amarela/pontilhada)
  AQ37: [  ] — borda de catraca (amarela/pontilhada)
  U38: [4] — borda de catraca (amarela/pontilhada)
  AA38: [5] — borda de catraca (amarela/pontilhada)
  AQ38: [8] — borda de catraca (amarela/pontilhada)
  CD38: [3] — borda de catraca (amarela/pontilhada)
  CE38: [3] — borda de catraca (amarela/pontilhada)
  CF38: [  ] — borda de catraca (amarela/pontilhada)
  CG38: [3] — borda de catraca (amarela/pontilhada)
  CH38: [3] — borda de catraca (amarela/pontilhada)
  CI38: [  ] — borda de catraca (amarela/pontilhada)
  CJ38: [3] — borda de catraca (amarela/pontilhada)
  CK38: [3] — borda de catraca (amarela/pontilhada)
  CL38: [  ] — borda de catraca (amarela/pontilhada)
  CM38: [3] — borda de catraca (amarela/pontilhada)
  CN38: [3] — borda de catraca (amarela/pontilhada)
  CO38: [  ] — borda de catraca (amarela/pontilhada)
  CP38: [3] — borda de catraca (amarela/pontilhada)
  CQ38: [3] — borda de catraca (amarela/pontilhada)
  CR38: [  ] — borda de catraca (amarela/pontilhada)
  CS38: [3] — borda de catraca (amarela/pontilhada)
  CT38: [3] — borda de catraca (amarela/pontilhada)
  CU38: [  ] — borda de catraca (amarela/pontilhada)
  CV38: [3] — borda de catraca (amarela/pontilhada)
  CW38: [3] — borda de catraca (amarela/pontilhada)
  CX38: [  ] — borda de catraca (amarela/pontilhada)
  U39: [4] — borda de catraca (amarela/pontilhada)
  AA39: [5] — borda de catraca (amarela/pontilhada)
  AQ39: [8] — borda de catraca (amarela/pontilhada)
  U40: [4] — borda de catraca (amarela/pontilhada)
  AA40: [5] — borda de catraca (amarela/pontilhada)
  AQ40: [  ] — borda de catraca (amarela/pontilhada)
  U41: [4] — borda de catraca (amarela/pontilhada)
  AA41: [5] — borda de catraca (amarela/pontilhada)
  AQ41: [8] — borda de catraca (amarela/pontilhada)
  U42: [4] — borda de catraca (amarela/pontilhada)
  AA42: [5] — borda de catraca (amarela/pontilhada)
  AQ42: [8] — borda de catraca (amarela/pontilhada)
  U43: [4] — borda de catraca (amarela/pontilhada)
  AA43: [  ] — borda de catraca (amarela/pontilhada)
  AQ43: [  ] — borda de catraca (amarela/pontilhada)
  U44: [4] — borda de catraca (amarela/pontilhada)
  AA44: [5] — borda de catraca (amarela/pontilhada)
  AQ44: [8] — borda de catraca (amarela/pontilhada)
  AQ45: [8] — borda de catraca (amarela/pontilhada)
  AQ46: [  ] — borda de catraca (amarela/pontilhada)
  AQ47: [8] — borda de catraca (amarela/pontilhada)
  AQ48: [8] — borda de catraca (amarela/pontilhada)
  AQ49: [  ] — borda de catraca (amarela/pontilhada)
  AQ50: [8] — borda de catraca (amarela/pontilhada)
  AQ51: [8] — borda de catraca (amarela/pontilhada)
  AQ52: [  ] — borda de catraca (amarela/pontilhada)
  I53: [  ] — borda de catraca (amarela/pontilhada)
  AK53: [CT] — borda de catraca (amarela/pontilhada)
  AL53: [  ] — borda de catraca (amarela/pontilhada)
  AQ53: [  ] — borda de catraca (amarela/pontilhada)
  AR53: [CT] — borda de catraca (amarela/pontilhada)
  AS53: [  ] — borda de catraca (amarela/pontilhada)
  BG53: [CT] — borda de catraca (amarela/pontilhada)
  BH53: [  ] — borda de catraca (amarela/pontilhada)
  I54: [  ] — borda de catraca (amarela/pontilhada)
  I55: [  ] — borda de catraca (amarela/pontilhada)
  I56: [  ] — borda de catraca (amarela/pontilhada)
  CD56: [CT] — borda de catraca (amarela/pontilhada)
  I57: [  ] — borda de catraca (amarela/pontilhada)
  CD57: [  ] — borda de catraca (amarela/pontilhada)
  I58: [  ] — borda de catraca (amarela/pontilhada)
  CD58: [  ] — borda de catraca (amarela/pontilhada)
  I59: [  ] — borda de catraca (amarela/pontilhada)
  AF59: [CT] — borda de catraca (amarela/pontilhada)
  I60: [  ] — borda de catraca (amarela/pontilhada)
  AF60: [  ] — borda de catraca (amarela/pontilhada)
  AG60: [  ] — borda de catraca (amarela/pontilhada)
  I61: [  ] — borda de catraca (amarela/pontilhada)
  AF61: [  ] — borda de catraca (amarela/pontilhada)
  I62: [  ] — borda de catraca (amarela/pontilhada)
  I63: [  ] — borda de catraca (amarela/pontilhada)
  I64: [  ] — borda de catraca (amarela/pontilhada)
  I65: [  ] — borda de catraca (amarela/pontilhada)
  I66: [  ] — borda de catraca (amarela/pontilhada)
  I67: [  ] — borda de catraca (amarela/pontilhada)

────────────────────────────────────────────────────────────────────────
CLIENTE '4': 716 células
Região: linhas 21-67 (47L) × colunas A-BZ (78C)

GRID:
       A                   F                   K                   P                   U                   Z                   AE                  AJ                  AO                  AT                  AY                  BD                  BI                  BN                  BS                  BX         
      ────────────────────────────────────────────────────────────────────────────────────────────────────────────────────────────────────────────────────────────────────────────────────────────────────────────────────────────────────────────────────────────────────────────────────────────────────────────────────────
   21 [  ][  ][  ][  ][  ][  ][  ][  ][  ][  ][  ][  ][  ][  ][  ][  ][  ][  ][  ][  ][  ][  ][  ][  ][  ][  ][  ][  ][  ][  ][  ][  ][  ][  ][  ][  ][  ][  ][  ][  ][  ][  ][  ][  ][  ][  ][  ][  ][  ][  ][  ][  ][  ][  ][  ][  ][  ][  ][  ][  ][  ][>>][>>][  ][  ][  ][  ][  ][  ][  ][  ][  ][  ][  ][  ][  ][  ][  ]
   22 [  ][  ][  ][  ][  ][  ][  ][  ][  ][  ][  ][  ][  ][  ][  ][  ][  ][  ][  ][  ][  ][  ][  ][  ][  ][  ][  ][  ][  ][  ][  ][  ][  ][  ][  ][1][1][1][1][1][1][1][1][1][1][1][1][  ][  ][  ][1][1][1][1][1][1][1][1][1][1][1][1][>>][2][2][2][2][2][2][2][2][2][2][2][2][  ][  ][  ]
   23 [  ][  ][4][4][  ][4][4][  ][4][4][  ][4][4][  ][4][4][  ][4][4][  ][4][2][  ][2][7][  ][7][7][  ][ES][  ][  ][  ][  ][  ][1][1][1][1][1][1][1][1][1][1][1][1][  ][  ][  ][1][1][1][1][1][1][1][1][1][1][1][1][>>][2][2][2][2][2][2][2][2][2][2][2][2][  ][  ][  ]
   24 [  ][  ][4][4][  ][4][4][  ][4][4][  ][4][4][  ][4][4][  ][4][4][  ][4][2][  ][2][7][  ][7][7][  ][  ][  ][  ][  ][  ][>>][>>][>>][>>][>>][>>][>>][>>][>>][>>][>>][>>][>>][>>][CT][>>][>>][>>][>>][>>][>>][>>][>>][>>][>>][>>][>>][>>][>>][>>][>>][>>][>>][>>][>>][>>][>>][>>][>>][>>][>>][>>][>>][>>]
   25 [  ][  ][4][4][  ][4][4][  ][4][4][  ][4][4][  ][4][4][  ][4][4][  ][4][2][  ][2][7][  ][7][7][  ][  ][  ][  ][  ][  ][  ][  ][  ][  ][  ][  ][  ][  ][  ][  ][  ][  ][  ][  ][>>][  ][  ][  ][  ][  ][  ][  ][  ][  ][  ][  ][  ][  ][CT][>>][  ][  ][  ][  ][  ][  ][  ][  ][  ][  ][  ][  ][  ][  ]
   26 [  ][  ][4][4][  ][4][4][  ][4][4][  ][4][4][  ][4][4][  ][4][4][  ][4][2][  ][2][7][  ][7][7][  ][  ][  ][  ][  ][  ][  ][  ][  ][  ][  ][  ][  ][  ][  ][  ][  ][  ][  ][  ][  ][  ][  ][  ][  ][  ][  ][  ][  ][  ][  ][  ][  ][  ][>>][>>][  ][  ][  ][  ][  ][  ][  ][  ][  ][  ][  ][  ][  ][  ]
   27 [  ][  ][4][4][  ][4][4][  ][4][4][  ][4][4][  ][4][4][  ][4][4][  ][4][2][  ][2][7][  ][7][7][  ][  ][  ][  ][  ][  ][  ][  ][  ][  ][  ][  ][  ][  ][  ][  ][  ][  ][  ][  ][  ][  ][  ][  ][  ][  ][  ][  ][  ][  ][  ][  ][  ][  ][  ][  ][  ][  ][  ][  ][  ][  ][  ][  ][  ][  ][  ][  ][  ][  ]
   28 [  ][  ][4][4][  ][4][4][  ][4][4][  ][4][4][  ][4][4][  ][4][4][  ][4][2][  ][2][7][  ][7][7][  ][  ][  ][  ][  ][  ][  ][  ][  ][  ][  ][  ][  ][  ][  ][  ][  ][  ][  ][  ][  ][  ][  ][  ][  ][  ][  ][  ][  ][  ][  ][  ][  ][  ][  ][  ][  ][  ][  ][  ][  ][  ][  ][  ][  ][  ][  ][  ][  ][  ]
   29 [  ][  ][4][4][  ][4][4][  ][4][4][  ][4][4][  ][4][4][  ][4][4][  ][4][2][  ][2][7][  ][  ][  ][  ][  ][  ][  ][  ][  ][  ][  ][  ][  ][  ][  ][  ][  ][  ][  ][  ][  ][  ][  ][  ][  ][  ][  ][  ][  ][  ][  ][  ][  ][  ][  ][  ][  ][  ][  ][  ][  ][  ][  ][  ][  ][  ][  ][  ][  ][  ][  ][  ][  ]
   30 [  ][  ][4][4][  ][4][4][  ][4][4][  ][4][4][  ][4][4][  ][4][4][  ][4][0][  ][0][7][  ][  ][  ][  ][  ][  ][  ][  ][  ][  ][  ][  ][  ][  ][  ][  ][  ][  ][  ][  ][  ][  ][  ][  ][  ][  ][  ][  ][  ][  ][  ][  ][  ][  ][  ][  ][  ][  ][  ][  ][  ][  ][  ][  ][  ][  ][  ][  ][  ][  ][  ][  ][  ]
   31 [  ][  ][4][4][  ][4][4][  ][4][  ][  ][4][4][  ][4][4][  ][4][4][  ][>>][  ][  ][  ][I][  ][  ][CT][>>][  ][  ][  ][  ][  ][  ][  ][  ][  ][  ][  ][  ][  ][>>][  ][  ][  ][  ][  ][  ][  ][  ][  ][  ][  ][  ][  ][  ][  ][SA][  ][  ][  ][  ][  ][  ][  ][  ][  ][  ][  ][  ][  ][  ][  ][  ][  ][  ][  ]
   32 [  ][  ][  ][  ][  ][  ][  ][  ][  ][  ][  ][  ][  ][  ][  ][  ][  ][  ][  ][  ][>>][  ][  ][  ][  ][>>][  ][  ][  ][  ][  ][  ][  ][  ][  ][  ][  ][  ][8][8][8][8][8][4][4][4][4][4][4][4][  ][4][4][4][4][4][4][4][  ][  ][  ][  ][  ][  ][4][4][4][4][4][4][4][4][4][4][4][4][  ][  ]
   33 [  ][  ][  ][  ][  ][  ][  ][  ][  ][  ][  ][  ][  ][  ][  ][  ][  ][  ][  ][  ][CT][>>][  ][  ][  ][  ][  ][  ][  ][  ][  ][  ][  ][  ][  ][  ][  ][  ][8][8][8][8][8][4][4][4][4][4][4][4][  ][4][4][4][4][4][4][4][  ][  ][  ][  ][  ][  ][4][4][4][4][4][4][4][4][4][4][4][4][  ][  ]
   34 [  ][  ][  ][  ][  ][  ][  ][  ][  ][  ][  ][  ][  ][  ][  ][  ][  ][  ][  ][  ][>>][  ][  ][  ][  ][  ][  ][  ][  ][  ][  ][  ][  ][  ][  ][  ][  ][  ][  ][  ][  ][  ][>>][  ][  ][  ][  ][  ][  ][  ][  ][  ][  ][  ][  ][  ][  ][  ][  ][  ][  ][  ][  ][  ][  ][  ][  ][  ][  ][  ][  ][  ][  ][  ][  ][  ][  ][  ]
   35 [  ][  ][  ][  ][  ][  ][  ][  ][  ][  ][  ][  ][  ][  ][  ][  ][  ][  ][  ][  ][>>][  ][  ][  ][  ][  ][  ][  ][  ][  ][  ][  ][  ][  ][  ][  ][  ][  ][8][8][8][8][8][4][4][4][4][4][4][4][  ][4][4][4][4][4][4][4][4][4][4][4][4][  ][4][4][4][4][4][4][4][4][4][4][4][4][  ][  ]
   36 [  ][  ][  ][  ][  ][  ][  ][  ][  ][  ][  ][  ][  ][  ][  ][  ][  ][  ][  ][  ][>>][>>][>>][>>][>>][>>][>>][  ][  ][  ][  ][  ][  ][  ][  ][  ][  ][  ][8][8][8][8][8][4][4][4][4][4][4][4][  ][4][4][4][4][4][4][4][4][4][4][4][4][  ][4][4][4][4][4][4][4][4][4][4][4][4][  ][  ]
   37 [  ][  ][4][4][  ][4][4][  ][4][4][  ][4][4][  ][4][4][  ][4][4][  ][>>][  ][  ][CT][>>][  ][5][AD][  ][6][AD][  ][  ][  ][  ][  ][  ][  ][  ][  ][  ][  ][>>][  ][  ][  ][  ][  ][  ][  ][  ][  ][  ][  ][  ][  ][  ][  ][  ][  ][  ][  ][  ][  ][  ][  ][  ][  ][  ][  ][  ][  ][  ][  ][  ][  ][  ][  ]
   38 [  ][  ][4][4][  ][4][4][  ][4][4][  ][4][4][  ][4][4][  ][4][4][  ][4][5][  ][  ][  ][  ][5][Q][  ][6][I][  ][  ][  ][  ][  ][  ][  ][8][8][8][  ][8][4][4][4][4][4][  ][4][  ][4][4][  ][4][4][4][4][4][  ][  ][4][4][  ][4][  ][4][4][4][4][4][  ][4][4][4][4][  ][  ]
   39 [  ][  ][4][4][  ][4][4][  ][4][4][  ][4][4][  ][4][4][  ][4][4][  ][4][5][  ][5][5][  ][5][Q][  ][6][I][  ][  ][  ][  ][  ][  ][  ][8][8][8][8][8][4][4][4][4][4][4][4][  ][4][4][4][4][4][4][4][4][4][4][4][4][  ][4][4][4][4][4][4][4][4][4][4][4][4][  ][  ]
   40 [  ][  ][4][4][  ][4][4][  ][4][4][  ][4][4][  ][4][4][  ][4][4][  ][4][5][  ][5][5][  ][5][Q][  ][6][I][  ][  ][  ][  ][  ][  ][  ][  ][  ][  ][  ][>>][  ][  ][  ][  ][  ][  ][  ][  ][  ][  ][  ][  ][  ][  ][  ][  ][  ][  ][  ][  ][  ][  ][  ][  ][  ][  ][  ][  ][  ][  ][  ][  ][  ][  ][  ]
   41 [  ][  ][4][4][  ][4][4][  ][4][4][  ][4][4][  ][4][4][  ][4][4][  ][4][5][  ][5][5][  ][5][Q][  ][6][I][  ][  ][  ][  ][  ][  ][  ][8][8][8][8][8][4][4][4][4][4][4][4][  ][4][4][4][4][4][4][4][4][4][4][4][4][  ][4][4][4][4][4][4][4][4][4][4][4][4][  ][  ]
   42 [  ][  ][4][4][  ][4][4][  ][4][4][  ][4][4][  ][4][4][  ][4][4][  ][4][5][  ][5][5][  ][5][Q][  ][RE][I][  ][  ][  ][  ][  ][  ][  ][8][8][8][8][8][4][4][4][4][4][4][4][  ][4][4][4][4][4][4][4][4][4][4][4][4][  ][4][4][4][4][4][4][4][4][4][4][4][4][  ][  ]
   43 [  ][  ][4][4][  ][4][4][  ][4][  ][  ][4][4][  ][4][  ][  ][4][4][  ][4][5][  ][  ][5][  ][>>][Q][  ][Q][  ][  ][  ][  ][  ][  ][  ][  ][  ][  ][  ][  ][>>][  ][  ][  ][  ][  ][  ][  ][  ][  ][  ][  ][  ][  ][  ][  ][  ][  ][  ][  ][  ][  ][  ][  ][  ][  ][  ][  ][  ][  ][  ][  ][  ][  ][  ][  ]
   44 [  ][  ][4][4][  ][4][4][  ][4][4][  ][4][4][  ][4][4][  ][4][4][  ][4][5][  ][5][5][  ][5][I][  ][I][I][  ][  ][  ][  ][  ][  ][  ][8][8][8][8][8][4][4][4][4][4][4][4][  ][4][4][4][4][4][4][4][4][4][4][4][4][  ][4][4][4][4][4][4][4][4][4][4][4][4][  ][  ]
   45 [  ][  ][4][4][  ][4][4][  ][  ][  ][  ][  ][  ][  ][  ][  ][  ][  ][  ][  ][  ][  ][  ][  ][  ][  ][  ][  ][  ][  ][  ][  ][  ][  ][  ][  ][  ][  ][8][8][8][8][8][4][4][4][4][4][4][4][  ][4][4][4][4][4][4][4][4][4][4][4][4][  ][4][4][4][4][4][4][4][4][4][4][4][4][  ][  ]
   46 [  ][  ][4][4][  ][4][4][  ][  ][  ][  ][  ][  ][  ][  ][  ][  ][  ][  ][  ][  ][  ][  ][  ][  ][  ][  ][  ][  ][  ][  ][  ][  ][  ][  ][  ][  ][  ][  ][  ][  ][  ][>>][  ][  ][  ][  ][  ][  ][  ][  ][  ][  ][  ][  ][  ][  ][  ][  ][  ][  ][  ][  ][  ][  ][  ][  ][  ][  ][  ][  ][  ][  ][  ][  ][  ][  ][  ]
   47 [  ][  ][4][4][  ][4][4][  ][  ][  ][  ][  ][  ][  ][  ][  ][  ][  ][  ][  ][  ][  ][  ][  ][  ][  ][  ][  ][  ][  ][  ][  ][  ][  ][  ][  ][  ][  ][8][8][8][  ][8][4][4][4][4][4][  ][4][  ][4][4][  ][4][4][4][4][4][  ][  ][4][4][  ][4][  ][4][4][4][4][4][  ][4][4][4][4][  ][  ]
   48 [  ][  ][4][4][  ][4][4][  ][  ][  ][  ][  ][  ][  ][  ][  ][  ][  ][  ][  ][  ][  ][  ][  ][  ][  ][  ][  ][  ][  ][  ][  ][  ][  ][  ][  ][  ][  ][8][8][8][8][8][4][4][4][4][4][4][4][  ][4][4][4][4][4][4][4][4][4][4][4][4][  ][4][4][4][4][4][4][4][4][4][4][4][4][  ][  ]
   49 [  ][  ][4][4][  ][4][4][  ][  ][  ][  ][  ][  ][  ][  ][  ][  ][  ][  ][  ][  ][  ][  ][  ][  ][  ][  ][  ][  ][  ][  ][  ][  ][  ][  ][  ][  ][  ][  ][  ][  ][  ][>>][  ][  ][  ][  ][  ][  ][  ][  ][  ][  ][  ][  ][  ][  ][  ][  ][  ][  ][  ][  ][  ][  ][  ][  ][  ][  ][  ][  ][  ][  ][  ][  ][  ][  ][  ]
   50 [  ][  ][4][4][  ][4][4][  ][  ][  ][  ][  ][  ][  ][  ][  ][  ][  ][  ][  ][  ][  ][  ][  ][  ][  ][  ][  ][  ][  ][  ][  ][  ][  ][  ][  ][  ][  ][8][8][8][8][8][4][4][4][4][4][4][4][  ][4][4][4][4][4][4][4][4][4][4][4][4][  ][4][4][4][4][4][4][4][4][4][4][4][4][  ][  ]
   51 [  ][  ][4][4][  ][4][4][  ][  ][  ][  ][  ][  ][  ][  ][  ][  ][  ][  ][  ][  ][  ][  ][  ][  ][  ][  ][  ][  ][  ][  ][  ][  ][  ][  ][  ][  ][  ][8][8][8][8][8][4][4][4][4][4][4][4][  ][4][4][4][4][4][4][4][4][4][4][4][4][  ][4][4][4][4][4][4][4][4][4][4][4][4][  ][  ]
   52 [  ][  ][  ][  ][  ][  ][  ][  ][  ][  ][  ][  ][  ][  ][  ][  ][  ][  ][  ][  ][  ][  ][  ][  ][  ][  ][  ][  ][  ][  ][  ][  ][  ][  ][  ][  ][  ][  ][  ][  ][  ][  ][>>][  ][  ][  ][  ][  ][  ][  ][  ][  ][  ][  ][  ][  ][  ][  ][  ][  ][  ][  ][  ][  ][  ][  ][  ][  ][  ][  ][  ][  ][  ][  ][  ][  ][  ][  ]
   53 [  ][  ][  ][  ][  ][  ][  ][  ][>>][  ][  ][  ][  ][  ][  ][  ][  ][  ][  ][  ][  ][  ][  ][  ][  ][  ][  ][  ][  ][  ][  ][  ][  ][  ][  ][  ][CT][>>][  ][  ][  ][  ][>>][CT][>>][  ][  ][  ][  ][  ][  ][  ][  ][  ][  ][  ][  ][  ][CT][>>][  ][  ][  ][  ][  ][  ][  ][  ][  ][  ][  ][  ][  ][  ][  ][  ][  ][  ]
   54 [  ][4][  ][4][4][  ][4][4][>>][  ][  ][9][9][  ][9][9][  ][9][9][  ][9][9][  ][9][9][  ][9][9][  ][9][9][  ][  ][  ][  ][  ][  ][  ][  ][  ][  ][  ][  ][  ][  ][  ][  ][  ][  ][  ][  ][  ][  ][  ][  ][  ][  ][  ][  ][  ][  ][  ][  ][  ][  ][  ][  ][  ][  ][  ][  ][  ][  ][  ][  ][  ][  ][  ]
   55 [  ][4][  ][4][4][  ][4][4][>>][  ][  ][9][9][  ][9][9][  ][9][9][  ][9][9][  ][9][9][  ][9][9][  ][9][9][  ][  ][  ][  ][  ][  ][  ][  ][  ][  ][  ][  ][  ][  ][  ][  ][  ][  ][  ][  ][  ][  ][  ][  ][  ][  ][  ][  ][  ][  ][  ][  ][  ][  ][  ][  ][  ][  ][  ][  ][  ][  ][  ][  ][  ][  ][  ]
   56 [  ][4][  ][4][4][  ][4][4][>>][  ][  ][9][9][  ][9][9][  ][9][9][  ][9][9][  ][9][9][  ][9][9][  ][9][9][  ][  ][  ][  ][  ][  ][  ][  ][  ][  ][  ][  ][  ][  ][  ][  ][  ][  ][  ][  ][  ][  ][  ][  ][  ][  ][  ][  ][  ][  ][  ][  ][  ][  ][  ][  ][  ][  ][  ][  ][  ][  ][  ][  ][  ][  ][  ]
   57 [  ][4][  ][4][4][  ][4][4][>>][  ][  ][9][9][  ][9][9][  ][9][9][  ][9][9][  ][9][9][  ][9][9][  ][9][9][  ][  ][  ][  ][  ][  ][  ][  ][  ][  ][  ][  ][  ][  ][  ][  ][  ][  ][  ][  ][  ][  ][  ][  ][  ][  ][  ][  ][  ][  ][  ][  ][  ][  ][  ][  ][  ][  ][  ][  ][  ][  ][  ][  ][  ][  ][  ]
   58 [  ][4][  ][4][4][  ][4][4][>>][  ][  ][9][9][  ][9][9][  ][9][9][  ][9][9][  ][9][9][  ][9][9][  ][9][9][  ][  ][  ][  ][  ][  ][  ][  ][  ][  ][  ][  ][  ][  ][  ][  ][  ][  ][  ][  ][  ][  ][  ][  ][  ][  ][  ][  ][  ][  ][  ][  ][  ][  ][  ][  ][  ][  ][  ][  ][  ][  ][  ][  ][  ][  ][  ]
   59 [  ][4][  ][4][4][  ][4][4][>>][  ][  ][9][9][  ][9][9][  ][9][9][  ][9][9][  ][9][9][  ][9][9][  ][9][9][CT][  ][  ][  ][  ][  ][  ][  ][  ][  ][  ][  ][  ][  ][  ][  ][  ][  ][  ][  ][  ][  ][  ][  ][  ][  ][  ][  ][  ][  ][  ][  ][  ][  ][  ][  ][  ][  ][  ][  ][  ][  ][  ][  ][  ][  ][  ]
   60 [  ][4][  ][4][4][  ][4][4][>>][  ][  ][9][9][  ][9][9][  ][9][9][  ][9][9][  ][9][9][  ][9][9][  ][9][9][>>][>>][  ][  ][  ][  ][  ][  ][  ][  ][  ][  ][  ][  ][  ][  ][  ][  ][  ][  ][  ][  ][  ][  ][  ][  ][  ][  ][  ][  ][  ][  ][  ][  ][  ][  ][  ][  ][  ][  ][  ][  ][  ][  ][  ][  ][  ]
   61 [  ][4][  ][4][4][  ][4][4][>>][  ][  ][9][9][  ][9][9][  ][9][9][  ][9][9][  ][9][9][  ][9][9][  ][9][9][>>][  ][  ][  ][  ][  ][  ][  ][  ][  ][  ][  ][  ][  ][  ][  ][  ][  ][  ][  ][  ][  ][  ][  ][  ][  ][  ][  ][  ][  ][  ][  ][  ][  ][  ][  ][  ][  ][  ][  ][  ][  ][  ][  ][  ][  ][  ]
   62 [  ][4][  ][4][4][  ][4][4][>>][  ][  ][9][9][  ][9][9][  ][9][9][  ][9][9][  ][9][9][  ][9][9][  ][9][9][  ][  ][  ][  ][  ][  ][  ][  ][  ][  ][  ][  ][  ][  ][  ][  ][  ][  ][  ][  ][  ][  ][  ][  ][  ][  ][  ][  ][  ][  ][  ][  ][  ][  ][  ][  ][  ][  ][  ][  ][  ][  ][  ][  ][  ][  ][  ]
   63 [  ][4][  ][4][4][  ][4][4][>>][  ][  ][9][9][  ][9][9][  ][9][9][  ][9][9][  ][9][9][  ][9][9][  ][9][9][  ][  ][  ][  ][  ][  ][  ][  ][  ][  ][  ][  ][  ][  ][  ][  ][  ][  ][  ][  ][  ][  ][  ][  ][  ][  ][  ][  ][  ][  ][  ][  ][  ][  ][  ][  ][  ][  ][  ][  ][  ][  ][  ][  ][  ][  ][  ]
   64 [  ][4][  ][4][4][  ][4][4][>>][  ][  ][9][9][  ][9][9][  ][9][9][  ][9][9][  ][9][9][  ][9][9][  ][9][9][  ][  ][  ][  ][  ][  ][  ][  ][  ][  ][  ][  ][  ][  ][  ][  ][  ][  ][  ][  ][  ][  ][  ][  ][  ][  ][  ][  ][  ][  ][  ][  ][  ][  ][  ][  ][  ][  ][  ][  ][  ][  ][  ][  ][  ][  ][  ]
   65 [  ][4][  ][4][4][  ][4][4][>>][  ][  ][9][9][  ][9][9][  ][9][9][  ][9][9][  ][9][9][  ][9][9][  ][9][9][  ][  ][  ][  ][  ][  ][  ][  ][  ][  ][  ][  ][  ][  ][  ][  ][  ][  ][  ][  ][  ][  ][  ][  ][  ][  ][  ][  ][  ][  ][  ][  ][  ][  ][  ][  ][  ][  ][  ][  ][  ][  ][  ][  ][  ][  ][  ]
   66 [  ][  ][  ][  ][  ][  ][  ][  ][>>][  ][  ][  ][  ][  ][  ][  ][  ][  ][  ][  ][  ][  ][  ][  ][  ][  ][  ][  ][  ][  ][  ][  ][  ][  ][  ][  ][  ][  ][  ][  ][  ][  ][  ][  ][  ][  ][  ][  ][  ][  ][  ][  ][  ][  ][  ][  ][  ][  ][  ][  ][  ][  ][  ][  ][  ][  ][  ][  ][  ][  ][  ][  ][  ][  ][  ][  ][  ][  ]
   67 [  ][  ][  ][  ][  ][  ][  ][  ][>>][  ][  ][  ][  ][  ][  ][  ][  ][  ][  ][  ][  ][  ][  ][  ][  ][  ][  ][  ][  ][  ][  ][  ][  ][  ][  ][  ][  ][  ][  ][  ][  ][  ][  ][  ][  ][  ][  ][  ][  ][  ][  ][  ][  ][  ][  ][  ][  ][  ][  ][  ][  ][  ][  ][  ][  ][  ][  ][  ][  ][  ][  ][  ][  ][  ][  ][  ][  ][  ]

PAREDES VERTICAIS (thick vermelha ou medium preta left/right):
  Coluna A, linhas 23-67: borda right (parede vermelha)
  Coluna B, linha 67: borda left (parede vermelha)
  Coluna H, linhas 45-52: borda right (parede vermelha)
  Coluna I, linha 52: borda left (parede vermelha)
  Coluna J, linha 31: borda left (parede vermelha)
  Coluna J, linha 43: borda left (parede vermelha)
  Coluna O, linha 43: borda right (parede vermelha)
  Coluna P, linha 43: borda left (parede vermelha)
  Coluna X, linha 31: borda right (parede vermelha)
  Coluna Y, linha 31: borda left (parede vermelha)
  Coluna AB, linha 31: borda right (parede vermelha)
  Coluna AC, linhas 23-31: borda right (parede vermelha)
  Coluna AD, linhas 23-31: borda left (parede vermelha)
  Coluna AD, linha 23: borda right (parede vermelha)
  Coluna AF, linhas 23-58: borda right (parede vermelha)
  Coluna AF, linhas 62-67: borda right (parede vermelha)
  Coluna AH, linhas 21-24: borda right (parede vermelha)
  Coluna AI, linha 24: borda left (parede vermelha)
  Coluna AJ, linhas 31-53: borda right (parede vermelha)
  Coluna BZ, linhas 21-26: borda right (parede vermelha)
  Coluna BZ, linhas 31-53: borda right (parede vermelha)

PAREDES HORIZONTAIS (thick vermelha ou medium preta top/bottom):
  Linha 22, colunas B-AC: borda bottom (parede vermelha)
  Linha 23, coluna AD: borda bottom (parede vermelha)
  Linha 23, coluna X: borda top (parede vermelha)
  Linha 23, colunas AD-AF: borda top (parede vermelha)
  Linha 30, colunas AK-BZ: borda bottom (parede vermelha)
  Linha 31, coluna J: borda bottom (parede vermelha)
  Linha 31, coluna V: borda bottom (parede vermelha)
  Linha 31, colunas X-Y: borda bottom (parede vermelha)
  Linha 31, coluna AA: borda bottom (parede vermelha)
  Linha 31, colunas AD-AF: borda bottom (parede vermelha)
  Linha 31, coluna AQ: borda top (parede vermelha)
  Linha 31, coluna BZ: borda top (parede vermelha)
  Linha 32, coluna AF: borda top (parede vermelha)
  Linha 44, colunas I-AF: borda bottom (parede vermelha)
  Linha 52, colunas I-AF: borda bottom (parede vermelha)
  Linha 53, colunas AM-AQ: borda bottom (parede vermelha)
  Linha 53, colunas AT-BF: borda bottom (parede vermelha)
  Linha 53, colunas BI-BZ: borda bottom (parede vermelha)
  Linha 53, coluna I: borda top (parede vermelha)
  Linha 53, coluna AF: borda top (parede vermelha)
  Linha 67, colunas B-J: borda bottom (parede vermelha)

CATRACAS — borda amarela (medium FFFFFF00) ou pontilhada (dotted):
  BJ21: [  ] — borda de catraca (amarela/pontilhada)
  BK21: [  ] — borda de catraca (amarela/pontilhada)
  BJ22: [1] — borda de catraca (amarela/pontilhada)
  BK22: [  ] — borda de catraca (amarela/pontilhada)
  U23: [4] — borda de catraca (amarela/pontilhada)
  X23: [2] — borda de catraca (amarela/pontilhada)
  BJ23: [1] — borda de catraca (amarela/pontilhada)
  BK23: [  ] — borda de catraca (amarela/pontilhada)
  U24: [4] — borda de catraca (amarela/pontilhada)
  X24: [2] — borda de catraca (amarela/pontilhada)
  AI24: [  ] — borda de catraca (amarela/pontilhada)
  AJ24: [  ] — borda de catraca (amarela/pontilhada)
  AK24: [  ] — borda de catraca (amarela/pontilhada)
  AL24: [  ] — borda de catraca (amarela/pontilhada)
  AM24: [  ] — borda de catraca (amarela/pontilhada)
  AN24: [  ] — borda de catraca (amarela/pontilhada)
  AO24: [  ] — borda de catraca (amarela/pontilhada)
  AP24: [  ] — borda de catraca (amarela/pontilhada)
  AQ24: [  ] — borda de catraca (amarela/pontilhada)
  AR24: [  ] — borda de catraca (amarela/pontilhada)
  AS24: [  ] — borda de catraca (amarela/pontilhada)
  AT24: [  ] — borda de catraca (amarela/pontilhada)
  AU24: [  ] — borda de catraca (amarela/pontilhada)
  AV24: [  ] — borda de catraca (amarela/pontilhada)
  AW24: [CT] — borda de catraca (amarela/pontilhada)
  AX24: [  ] — borda de catraca (amarela/pontilhada)
  AY24: [  ] — borda de catraca (amarela/pontilhada)
  AZ24: [  ] — borda de catraca (amarela/pontilhada)
  BA24: [  ] — borda de catraca (amarela/pontilhada)
  BB24: [  ] — borda de catraca (amarela/pontilhada)
  BC24: [  ] — borda de catraca (amarela/pontilhada)
  BD24: [  ] — borda de catraca (amarela/pontilhada)
  BE24: [  ] — borda de catraca (amarela/pontilhada)
  BF24: [  ] — borda de catraca (amarela/pontilhada)
  BG24: [  ] — borda de catraca (amarela/pontilhada)
  BH24: [  ] — borda de catraca (amarela/pontilhada)
  BI24: [  ] — borda de catraca (amarela/pontilhada)
  BJ24: [  ] — borda de catraca (amarela/pontilhada)
  BK24: [  ] — borda de catraca (amarela/pontilhada)
  BL24: [  ] — borda de catraca (amarela/pontilhada)
  BM24: [  ] — borda de catraca (amarela/pontilhada)
  BN24: [  ] — borda de catraca (amarela/pontilhada)
  BO24: [  ] — borda de catraca (amarela/pontilhada)
  BP24: [  ] — borda de catraca (amarela/pontilhada)
  BQ24: [  ] — borda de catraca (amarela/pontilhada)
  BR24: [  ] — borda de catraca (amarela/pontilhada)
  BS24: [  ] — borda de catraca (amarela/pontilhada)
  BT24: [  ] — borda de catraca (amarela/pontilhada)
  BU24: [  ] — borda de catraca (amarela/pontilhada)
  BV24: [  ] — borda de catraca (amarela/pontilhada)
  BW24: [  ] — borda de catraca (amarela/pontilhada)
  BX24: [  ] — borda de catraca (amarela/pontilhada)
  BY24: [  ] — borda de catraca (amarela/pontilhada)
  BZ24: [  ] — borda de catraca (amarela/pontilhada)
  U25: [4] — borda de catraca (amarela/pontilhada)
  X25: [2] — borda de catraca (amarela/pontilhada)
  AW25: [  ] — borda de catraca (amarela/pontilhada)
  BK25: [CT] — borda de catraca (amarela/pontilhada)
  BL25: [  ] — borda de catraca (amarela/pontilhada)
  U26: [4] — borda de catraca (amarela/pontilhada)
  X26: [2] — borda de catraca (amarela/pontilhada)
  BK26: [  ] — borda de catraca (amarela/pontilhada)
  BL26: [  ] — borda de catraca (amarela/pontilhada)
  U27: [4] — borda de catraca (amarela/pontilhada)
  X27: [2] — borda de catraca (amarela/pontilhada)
  U28: [4] — borda de catraca (amarela/pontilhada)
  X28: [2] — borda de catraca (amarela/pontilhada)
  U29: [4] — borda de catraca (amarela/pontilhada)
  X29: [2] — borda de catraca (amarela/pontilhada)
  U30: [4] — borda de catraca (amarela/pontilhada)
  X30: [0] — borda de catraca (amarela/pontilhada)
  U31: [  ] — borda de catraca (amarela/pontilhada)
  AB31: [CT] — borda de catraca (amarela/pontilhada)
  AC31: [  ] — borda de catraca (amarela/pontilhada)
  AQ31: [  ] — borda de catraca (amarela/pontilhada)
  U32: [  ] — borda de catraca (amarela/pontilhada)
  Z32: [  ] — borda de catraca (amarela/pontilhada)
  AQ32: [8] — borda de catraca (amarela/pontilhada)
  U33: [CT] — borda de catraca (amarela/pontilhada)
  V33: [  ] — borda de catraca (amarela/pontilhada)
  AQ33: [8] — borda de catraca (amarela/pontilhada)
  U34: [  ] — borda de catraca (amarela/pontilhada)
  AQ34: [  ] — borda de catraca (amarela/pontilhada)
  U35: [  ] — borda de catraca (amarela/pontilhada)
  AQ35: [8] — borda de catraca (amarela/pontilhada)
  U36: [  ] — borda de catraca (amarela/pontilhada)
  V36: [  ] — borda de catraca (amarela/pontilhada)
  W36: [  ] — borda de catraca (amarela/pontilhada)
  X36: [  ] — borda de catraca (amarela/pontilhada)
  Y36: [  ] — borda de catraca (amarela/pontilhada)
  Z36: [  ] — borda de catraca (amarela/pontilhada)
  AA36: [  ] — borda de catraca (amarela/pontilhada)
  AQ36: [8] — borda de catraca (amarela/pontilhada)
  U37: [  ] — borda de catraca (amarela/pontilhada)
  X37: [CT] — borda de catraca (amarela/pontilhada)
  Y37: [  ] — borda de catraca (amarela/pontilhada)
  AA37: [5] — borda de catraca (amarela/pontilhada)
  AQ37: [  ] — borda de catraca (amarela/pontilhada)
  U38: [4] — borda de catraca (amarela/pontilhada)
  AA38: [5] — borda de catraca (amarela/pontilhada)
  AQ38: [8] — borda de catraca (amarela/pontilhada)
  U39: [4] — borda de catraca (amarela/pontilhada)
  AA39: [5] — borda de catraca (amarela/pontilhada)
  AQ39: [8] — borda de catraca (amarela/pontilhada)
  U40: [4] — borda de catraca (amarela/pontilhada)
  AA40: [5] — borda de catraca (amarela/pontilhada)
  AQ40: [  ] — borda de catraca (amarela/pontilhada)
  U41: [4] — borda de catraca (amarela/pontilhada)
  AA41: [5] — borda de catraca (amarela/pontilhada)
  AQ41: [8] — borda de catraca (amarela/pontilhada)
  U42: [4] — borda de catraca (amarela/pontilhada)
  AA42: [5] — borda de catraca (amarela/pontilhada)
  AQ42: [8] — borda de catraca (amarela/pontilhada)
  U43: [4] — borda de catraca (amarela/pontilhada)
  AA43: [  ] — borda de catraca (amarela/pontilhada)
  AQ43: [  ] — borda de catraca (amarela/pontilhada)
  U44: [4] — borda de catraca (amarela/pontilhada)
  AA44: [5] — borda de catraca (amarela/pontilhada)
  AQ44: [8] — borda de catraca (amarela/pontilhada)
  AQ45: [8] — borda de catraca (amarela/pontilhada)
  AQ46: [  ] — borda de catraca (amarela/pontilhada)
  AQ47: [8] — borda de catraca (amarela/pontilhada)
  AQ48: [8] — borda de catraca (amarela/pontilhada)
  AQ49: [  ] — borda de catraca (amarela/pontilhada)
  AQ50: [8] — borda de catraca (amarela/pontilhada)
  AQ51: [8] — borda de catraca (amarela/pontilhada)
  AQ52: [  ] — borda de catraca (amarela/pontilhada)
  I53: [  ] — borda de catraca (amarela/pontilhada)
  AK53: [CT] — borda de catraca (amarela/pontilhada)
  AL53: [  ] — borda de catraca (amarela/pontilhada)
  AQ53: [  ] — borda de catraca (amarela/pontilhada)
  AR53: [CT] — borda de catraca (amarela/pontilhada)
  AS53: [  ] — borda de catraca (amarela/pontilhada)
  BG53: [CT] — borda de catraca (amarela/pontilhada)
  BH53: [  ] — borda de catraca (amarela/pontilhada)
  I54: [  ] — borda de catraca (amarela/pontilhada)
  I55: [  ] — borda de catraca (amarela/pontilhada)
  I56: [  ] — borda de catraca (amarela/pontilhada)
  I57: [  ] — borda de catraca (amarela/pontilhada)
  I58: [  ] — borda de catraca (amarela/pontilhada)
  I59: [  ] — borda de catraca (amarela/pontilhada)
  AF59: [CT] — borda de catraca (amarela/pontilhada)
  I60: [  ] — borda de catraca (amarela/pontilhada)
  AF60: [  ] — borda de catraca (amarela/pontilhada)
  AG60: [  ] — borda de catraca (amarela/pontilhada)
  I61: [  ] — borda de catraca (amarela/pontilhada)
  AF61: [  ] — borda de catraca (amarela/pontilhada)
  I62: [  ] — borda de catraca (amarela/pontilhada)
  I63: [  ] — borda de catraca (amarela/pontilhada)
  I64: [  ] — borda de catraca (amarela/pontilhada)
  I65: [  ] — borda de catraca (amarela/pontilhada)
  I66: [  ] — borda de catraca (amarela/pontilhada)
  I67: [  ] — borda de catraca (amarela/pontilhada)

========================================================================
COMO A IA DEVE DEVOLVER NOVOS AMBIENTES:
  Para cada novo espaço, retornar:
    células: lista de (linha, coluna) das PAs
    paredes_verticais: [{coluna, linhas_inicio, linhas_fim, lado}]
    paredes_horizontais: [{linha, colunas_inicio, colunas_fim, lado}]
  O código aplicará as bordas thick vermelhas nas células indicadas.
========================================================================